fitting info
============
χ²:		2061.211611771079
DoF:	657
χ²/DoF:	3.13730838930149

parameters
==========
0	a	0.08512950483007176	±	0.0018388959546083473
1	A	66.49365671171417	±	0.1433656485002489
2	c	448.1467499596228	±	0.057948789762777626
3	s	33.37460678410561	±	0.04319593834988732

covariance matrix
=================
3.381538331874945e-06	8.519704351330498e-06	-5.70721953313925e-07	-8.965846457995579e-06
8.519704351330498e-06	0.020553709169896926	-0.00026881789467372234	-0.00368919430199562
-5.70721953313925e-07	-0.00026881789467372234	0.003358062234970601	9.82639814920844e-05
-8.965846457995579e-06	-0.00368919430199562	9.82639814920844e-05	0.001865889089927266

correlation matrix
==================
1.0	0.03231634704111775	-0.005355783965005377	-0.11287330123259692
0.03231634704111775	1.0000000000000002	-0.032357033727296765	-0.595721827315903
-0.005355783965005377	-0.032357033727296765	1.0	0.03925609301821994
-0.11287330123259692	-0.595721827315903	0.03925609301821994	1.0000000000000002

