fitting info
============
χ²:		2105.0010243536053
DoF:	661
χ²/DoF:	3.1845703848012183

parameters
==========
0	a	0.10064789380253286	±	0.0020149758534885316
1	A	73.91197349739643	±	0.1478939147720959
2	c	493.5485532374888	±	0.056451470597242266
3	s	34.76024294789215	±	0.04191027761121311

covariance matrix
=================
4.060127690141837e-06	1.0162404220907359e-05	-7.783257669688911e-07	-1.0198966512281707e-05
1.0162404220907359e-05	0.021872610026615964	-0.00018771185906961573	-0.0036607019680317326
-7.783257669688911e-07	-0.00018771185906961573	0.003186768532591308	9.283889914958856e-05
-1.0198966512281707e-05	-0.0036607019680317326	9.283889914958856e-05	0.0017564713694489511

correlation matrix
==================
1.0000000000000002	0.034101722371525506	-0.006842523570324934	-0.12077186756304364
0.034101722371525506	0.9999999999999999	-0.022483615305904363	-0.5906001190981625
-0.006842523570324934	-0.022483615305904363	0.9999999999999999	0.03924046855348124
-0.12077186756304364	-0.5906001190981625	0.03924046855348124	1.0000000000000002

