fitting info
============
χ²:		2604.0530100735195
DoF:	620
χ²/DoF:	4.20008550011858

parameters
==========
0	a	0.11391498771564039	±	0.0020598737490997877
1	A	90.61828251600757	±	0.16423455256501293
2	c	606.5166545031778	±	0.09190499343806509
3	s	37.509492305297165	±	0.06795652915191315

covariance matrix
=================
4.243079862230415e-06	5.33867905750592e-06	-2.912152359974943e-06	-9.154719610617145e-06
5.33867905750592e-06	0.02697298825623	-0.0024340584945079136	-0.005695573545417837
-2.912152359974943e-06	-0.0024340584945079136	0.008446527818850788	0.004137993555294865
-9.154719610617145e-06	-0.005695573545417837	0.004137993555294865	0.0046180898543748215

correlation matrix
==================
1.0	0.015780787752808625	-0.015382764153789722	-0.0653993233497171
0.015780787752808625	1.0000000000000002	-0.16126026562133033	-0.5103190058972296
-0.015382764153789722	-0.16126026562133033	1.0000000000000002	0.6625513026482047
-0.0653993233497171	-0.5103190058972296	0.6625513026482047	1.0

