fitting info
============
χ²:		1891.8993379531853
DoF:	656
χ²/DoF:	2.8839928932213192

parameters
==========
0	a	0.07709887833466388	±	0.001713525162910558
1	A	55.891303201817536	±	0.13515071934022357
2	c	395.4171588874947	±	0.0618997487702699
3	s	31.569641932720028	±	0.04610012287804257

covariance matrix
=================
2.936168483927654e-06	5.978779545113872e-06	-4.113405476555715e-07	-8.036371893390919e-06
5.978779545113872e-06	0.01826571693817988	-0.00032367078575235773	-0.00369591769503257
-4.113405476555715e-07	-0.00032367078575235773	0.0038315788978225303	0.00018458294929721668
-8.036371893390919e-06	-0.00369591769503257	0.00018458294929721668	0.0021252213293706237

correlation matrix
==================
1.0	0.02581687619338022	-0.0038781280898583085	-0.10173431300528604
0.02581687619338022	0.9999999999999998	-0.03868977946175331	-0.593200962091185
-0.0038781280898583085	-0.03868977946175331	1.0	0.06468455750659392
-0.10173431300528604	-0.593200962091185	0.06468455750659392	1.0

