fitting info
============
χ²:		2282.578082868083
DoF:	651
χ²/DoF:	3.5062643362028925

parameters
==========
0	a	0.08062547622251626	±	0.0016737581089652934
1	A	30.66432313256238	±	0.11118806144285992
2	c	259.1556238756656	±	0.07666362663856789
3	s	26.154365874984578	±	0.058625731757019454

covariance matrix
=================
2.801466207327075e-06	4.211601596876569e-06	-2.765144426731679e-07	-9.980948567956009e-06
4.211601596876569e-06	0.012362785007421193	-0.0005287205191582001	-0.0039306562909153155
-2.765144426731679e-07	-0.0005287205191582001	0.005877311649377737	0.0004528457898373625
-9.980948567956009e-06	-0.0039306562909153155	0.0004528457898373625	0.0034369764240459997

correlation matrix
==================
1.0	0.022630618797992146	-0.0021549428937158	-0.10171636862413647
0.022630618797992146	1.0	-0.06202669582545988	-0.6030018359616304
-0.0021549428937158	-0.06202669582545988	1.0000000000000002	0.10075641297022901
-0.10171636862413647	-0.6030018359616304	0.10075641297022901	1.0000000000000002

