fitting info
============
χ²:		299.9864017941959
DoF:	87
χ²/DoF:	3.4481195608528266

parameters
==========
0	a	-0.1082445469782906	±	0.015323710257951664
1	A	7.752103141327487	±	0.03925697142071801
2	c	109.31551395329122	±	0.07502072534623784
3	s	-17.717658125693042	±	0.09884249599311952

covariance matrix
=================
0.00023481609606965307	-8.48516669442e-06	0.00012725476488444572	0.0012271442408647755
-8.48516669442e-06	0.0015411098051270708	-0.00042997815455519944	0.0013613596935668558
0.00012725476488444572	-0.00042997815455519944	0.005628109231475653	-0.0005331171723767818
0.0012271442408647755	0.0013613596935668558	-0.0005331171723767818	0.009769839014149849

correlation matrix
==================
1.0	-0.01410521320711446	0.11069521861819569	0.8101920512772252
-0.01410521320711446	1.0000000000000002	-0.1459984821521715	0.3508426579499338
0.11069521861819569	-0.1459984821521715	1.0	-0.07189483797285522
0.8101920512772252	0.3508426579499338	-0.07189483797285522	1.0

