fitting info
============
χ²:		152.22440305494422
DoF:	47
χ²/DoF:	3.238817086275409

parameters
==========
0	b	0.061483779347111626	±	0.028261587553529546
1	A	1.342048218559989	±	0.02500575085016848
2	x	58.379337096383416	±	0.12403329074955168
3	#sigma	11.654450093374317	±	0.3391784913765794

covariance matrix
=================
0.0007987173310458162	-0.0005552011416377704	-0.0010472789449431426	-0.009077640515570591
-0.0005552011416377704	0.0006252875755807018	0.0005151532106046658	0.0052338286168282485
-0.0010472789449431426	0.0005151532106046658	0.015384257214162821	0.014049099444991648
-0.009077640515570591	0.0052338286168282485	0.014049099444991648	0.11504204901249236

correlation matrix
==================
1.0	-0.7856224705216328	-0.298763509315814	-0.946995950713622
-0.7856224705216328	1.0000000000000002	0.16609564480261998	0.6170939570975368
-0.298763509315814	0.16609564480261998	1.0	0.33395036022092606
-0.946995950713622	0.6170939570975368	0.33395036022092606	1.0000000000000002

