fitting info
============
χ²:		1163.9579992058823
DoF:	137
χ²/DoF:	8.496043789823958

parameters
==========
0	a	0.013707388948466069	±	0.0022168710499928038
1	A	7.653305719430572	±	0.03947109129040221
2	c	109.77208148751534	±	0.07539500884116902
3	s	-17.36522054507885	±	0.059739367379658355

covariance matrix
=================
4.914517252296196e-06	1.0026642701006473e-05	-2.069138396432441e-06	5.4952839387086596e-05
1.0026642701006473e-05	0.0015579670476552649	-0.0005598591855225647	0.001393464431501333
-2.069138396432441e-06	-0.0005598591855225647	0.005684407358159955	-0.0012862326422147157
5.4952839387086596e-05	0.001393464431501333	-0.0012862326422147157	0.003568792014921789

correlation matrix
==================
1.0	0.11458716463297508	-0.012379597123104902	0.4149436146831319
0.11458716463297508	0.9999999999999999	-0.1881295764192586	0.5909573446527373
-0.012379597123104902	-0.1881295764192586	0.9999999999999999	-0.2855724524792274
0.4149436146831319	0.5909573446527373	-0.2855724524792274	1.0

