fitting info
============
χ²:		2757.4771210751696
DoF:	670
χ²/DoF:	4.115637494142044

parameters
==========
0	b	0.09944595181648701	±	0.002029259512104783
1	A	83.50228039784501	±	0.1525741049368976
2	x	551.3823393737334	±	0.054244516414425646
3	#sigma	36.32843685006012	±	0.03951928711835735

covariance matrix
=================
4.117894167467742e-06	1.0809647031220697e-05	-1.1261909553920981e-06	-1.0047523528872174e-05
1.0809647031220697e-05	0.023278857497295437	-9.833744167259261e-05	-0.0035143542707392187
-1.1261909553920981e-06	-9.833744167259261e-05	0.0029424675610348937	4.6599390681894e-05
-1.0047523528872174e-05	-0.0035143542707392187	4.6599390681894e-05	0.001561774054343165

correlation matrix
==================
1.0000000000000002	0.03491347618773761	-0.010231012208325655	-0.12528882597144933
0.03491347618773761	0.9999999999999999	-0.011881799862981305	-0.5828483971524663
-0.010231012208325655	-0.011881799862981305	1.0000000000000002	0.021737785268408215
-0.12528882597144933	-0.5828483971524663	0.021737785268408215	0.9999999999999999

