fitting info
============
χ²:		199.22461298841924
DoF:	97
χ²/DoF:	2.0538619895713324

parameters
==========
0	b	-0.04522680173732983	±	0.04666832153751995
1	A	13.343348292256245	±	0.06294600888112316
2	x	147.47584078881857	±	0.0754892165044442
3	#sigma	20.414103053117756	±	0.1389793229783562

covariance matrix
=================
0.0021779322351293488	-0.0009321851691254806	8.194711612333498e-05	-0.005800422181726705
-0.0009321851691254806	0.003962200034062436	-0.00035626439611548174	0.00017659107162112245
8.194711612333498e-05	-0.00035626439611548174	0.005698621808454851	0.00036755310366037554
-0.005800422181726705	0.00017659107162112245	0.00036755310366037554	0.019315252215522244

correlation matrix
==================
1.0000000000000002	-0.3173304948724317	0.02326090326492443	-0.8943082384399972
-0.3173304948724317	1.0000000000000002	-0.0749754888307378	0.020186003843472487
0.02326090326492443	-0.0749754888307378	0.9999999999999999	0.03503361755728375
-0.8943082384399972	0.020186003843472487	0.03503361755728375	1.0

