fitting info
============
χ²:		124.47087849341591
DoF:	97
χ²/DoF:	1.2832049329218136

parameters
==========
0	b	0.0705828244108579	±	0.1641808286891514
1	A	20.255031866102215	±	0.15066285431860837
2	x	197.28094214042645	±	0.0990243012029744
3	#sigma	23.17765059130174	±	0.2651801868478714

covariance matrix
=================
0.026955344509056484	-0.01840028589212722	-0.0026990546577717774	-0.04103367606087956
-0.01840028589212722	0.022699295671430208	0.0016921249871988382	0.02232721834855682
-0.0026990546577717774	0.0016921249871988382	0.009805812228737396	0.004176021721212679
-0.04103367606087956	0.02232721834855682	0.004176021721212679	0.07032053149667199

correlation matrix
==================
1.0000000000000002	-0.7438681029048388	-0.16601504584260623	-0.9424903449882381
-0.7438681029048388	0.9999999999999999	0.11341864679165627	0.5588398358027108
-0.16601504584260623	0.11341864679165627	1.0	0.1590303044313833
-0.9424903449882381	0.5588398358027108	0.1590303044313833	0.9999999999999998

