fitting info
============
χ²:		1876.5080019908826
DoF:	656
χ²/DoF:	2.86053049083976

parameters
==========
0	b	0.07678319730574776	±	0.0016775303000050531
1	A	47.013531960564336	±	0.12805531603153014
2	x	347.0362580865329	±	0.06578638158228012
3	#sigma	29.857308668699705	±	0.04953086840487529

covariance matrix
=================
2.8141079074350436e-06	4.968865450821196e-06	-2.0456784813217643e-07	-8.055896167930402e-06
4.968865450821196e-06	0.016398163963935057	-0.00043434785258161763	-0.003792440732979124
-2.0456784813217643e-07	-0.00043434785258161763	0.004327848001689364	0.000276759606338011
-8.055896167930402e-06	-0.003792440732979124	0.000276759606338011	0.002453306924941073

correlation matrix
==================
1.0	0.023130725319941585	-0.0018536639496657351	-0.09695440475082807
0.023130725319941585	0.9999999999999998	-0.05155895027404429	-0.5979229839277994
-0.0018536639496657351	-0.05155895027404429	1.0	0.08493579616032863
-0.09695440475082807	-0.5979229839277994	0.08493579616032863	0.9999999999999998

