fitting info
============
χ²:		2404.64628699046
DoF:	657
χ²/DoF:	3.6600400106399693

parameters
==========
0	b	0.0741578494845448	±	0.0016267805514341943
1	A	38.74068893448655	±	0.12058407641371327
2	x	302.82018796031576	±	0.06997620360219221
3	#sigma	28.079287036932154	±	0.053350859899488685

covariance matrix
=================
2.6464149625245413e-06	4.074903158366991e-06	-6.115187030352815e-07	-8.254351295769939e-06
4.074903158366991e-06	0.01454051948454824	-0.0006180653149841266	-0.003914627655178257
-6.115187030352815e-07	-0.0006180653149841266	0.004896669070575458	0.00038763402078429706
-8.254351295769939e-06	-0.003914627655178257	0.00038763402078429706	0.00284631425201487

correlation matrix
==================
1.0	0.02077295876445752	-0.005371930625979717	-0.09510701530598133
0.02077295876445752	0.9999999999999999	-0.07324770699709192	-0.6084978874869692
-0.005371930625979717	-0.07324770699709192	0.9999999999999998	0.1038317288194904
-0.09510701530598133	-0.6084978874869692	0.1038317288194904	1.0

