fitting info
============
χ²:		65.86369065802108
DoF:	9
χ²/DoF:	7.318187850891231

parameters
==========
0	A	1.2768368481452481	±	0.006076531265558797
1	b	52.91694822177615	±	1.3965833832965722
2	d	7.875473602402937	±	0.15791052980403938

covariance matrix
=================
3.69242322213136e-05	-0.006924464206193529	-0.0009347210294644439
-0.006924464206193529	1.9504451465001005	0.20116559243248452
-0.0009347210294644439	0.20116559243248452	0.024935735422992412

correlation matrix
==================
1.0000000000000002	-0.8159500387652825	-0.9741261145606032
-0.8159500387652825	1.0000000000000002	0.9121699048061138
-0.9741261145606032	0.9121699048061138	1.0

