fitting info
============
χ²:		357.31906889369736
DoF:	322
χ²/DoF:	1.1096865493593087

parameters
==========
0	scale	15.2729757541044	±	0.5236164443041104
1	mpv	404.76963098848285	±	0.5473206947401023
2	A	0.8310659584255388	±	0.004887962426759873
3	sigma	48.96039212734858	±	0.6477175633187757

covariance matrix
=================
0.2741741807456795	-0.2217045072739875	0.001450803768067221	-0.2849618866457851
-0.2217045072739875	0.29955994289078824	-0.0010991652832036821	0.2609510597944524
0.001450803768067221	-0.0010991652832036821	2.3892176685416265e-05	-0.0014066788320553554
-0.2849618866457851	0.2609510597944524	-0.0014066788320553554	0.4195380418316122

correlation matrix
==================
1.0	-0.7736051917352584	0.5668492009545049	-0.8402099626874926
-0.7736051917352584	1.0000000000000002	-0.41085944432320215	0.7360910241632164
0.5668492009545049	-0.41085944432320215	0.9999999999999999	-0.4443052243218732
-0.8402099626874926	0.7360910241632164	-0.4443052243218732	0.9999999999999999

