fitting info
============
χ²:		232.14541746870162
DoF:	137
χ²/DoF:	1.6944920983116907

parameters
==========
0	a	0.06646122259060526	±	0.02520652012344413
1	A	20.25459663657481	±	0.09588709408965075
2	c	197.61186982700795	±	0.09012653926664976
3	s	-23.17285311991349	±	0.10538585503416409

covariance matrix
=================
0.0006353686567335939	0.00020547691805635068	-0.00012069030353194815	0.002030650066109869
0.00020547691805635068	0.009194334812957535	-0.0006287749547083482	0.004534266760819651
-0.00012069030353194815	-0.0006287749547083482	0.008122793080182962	-0.001069238686958721
0.002030650066109869	0.004534266760819651	-0.001069238686958721	0.01110617844128185

correlation matrix
==================
1.0000000000000002	0.08501391028602528	-0.05312596000539954	0.7644337845528315
0.08501391028602528	0.9999999999999998	-0.07275827303073865	0.44870879932249486
-0.05312596000539954	-0.07275827303073865	1.0	-0.11257440114800679
0.7644337845528315	0.44870879932249486	-0.11257440114800679	1.0

