fitting info
============
χ²:		374.8350977391325
DoF:	277
χ²/DoF:	1.3531952986972293

parameters
==========
0	s	8.04484232171151	±	0.1479170010739332
1	m	201.31224398132866	±	0.2250362127794764
2	A	0.8796443644612397	±	0.004027521042060038
3	#sigma	26.256562462205174	±	0.24461130585515292

covariance matrix
=================
0.021879439206705962	-0.021538518566150845	0.00011522325027200221	-0.02528227587217813
-0.021538518566150845	0.05064129706212979	-0.00010662618054083939	0.03189591328957726
0.00011522325027200221	-0.00010662618054083939	1.6220925744236372e-05	-0.0001229145164716105
-0.02528227587217813	0.03189591328957726	-0.0001229145164716105	0.05983469095216317

correlation matrix
==================
1.0000000000000002	-0.6470611502388688	0.1934123539330426	-0.6987495586792077
-0.6470611502388688	1.0000000000000002	-0.1176450406702841	0.5794368424542591
0.1934123539330426	-0.1176450406702841	1.0	-0.12476386865739027
-0.6987495586792077	0.5794368424542591	-0.12476386865739027	1.0

