fitting info
============
χ²:		496.5951550938706
DoF:	137
χ²/DoF:	3.6247821539698584

parameters
==========
0	a	0.053771512587862454	±	0.007699512186619044
1	A	13.232185498118277	±	0.05923178341720251
2	c	147.75157460850295	±	0.08237735603427143
3	s	-20.295571194641163	±	0.06968234513667407

covariance matrix
=================
5.928248791189518e-05	4.292488350937551e-05	6.146706759215656e-05	0.00029422096883215197
4.292488350937551e-05	0.003508404166782386	-0.000619918846714921	0.002285734522292793
6.146706759215656e-05	-0.000619918846714921	0.006786028787197117	-0.0009891794771875934
0.00029422096883215197	0.002285734522292793	-0.0009891794771875934	0.004855629223746565

correlation matrix
==================
1.0	0.09412199101217691	0.09691063409505167	0.5483876330300252
0.09412199101217691	0.9999999999999999	-0.12704927234668573	0.5537939670589247
0.09691063409505167	-0.12704927234668573	1.0000000000000002	-0.17232349341013853
0.5483876330300252	0.5537939670589247	-0.17232349341013853	1.0000000000000002

