fitting info
============
χ²:		222.8386236832608
DoF:	162
χ²/DoF:	1.375547059773215

parameters
==========
0	s	5.567896696195129	±	0.32338035051968533
1	m	153.80792586496526	±	0.3920256384457714
2	A	0.9469330471350614	±	0.009851686685030383
3	#sigma	19.570432086392326	±	0.42982157879846733

covariance matrix
=================
0.10457485110223455	-0.09553390340973866	0.0014215307957283988	-0.11006720896926435
-0.09553390340973866	0.15368410119881465	-0.0011811430683785022	0.11703220348183993
0.0014215307957283988	-0.0011811430683785022	9.705573054000494e-05	-0.0014494852643279071
-0.11006720896926435	0.11703220348183993	-0.0014494852643279071	0.18474658960080706

correlation matrix
==================
1.0	-0.7535801056956013	0.44620255596065034	-0.7918740504979284
-0.7535801056956013	1.0	-0.3058281399831432	0.6945486894397556
0.44620255596065034	-0.3058281399831432	1.0	-0.3423063834692211
-0.7918740504979284	0.6945486894397556	-0.3423063834692211	1.0

