fitting info
============
χ²:		357.31907586413126
DoF:	322
χ²/DoF:	1.1096865710066188

parameters
==========
0	scale	15.272975859662074	±	0.5235532893001631
1	mpv	404.76963098327263	±	0.5469833362176447
2	A	47766.346965271034	±	282.0877600285174
3	sigma	48.960391982700585	±	0.6492746237011271

covariance matrix
=================
0.27410804673702027	-0.2214082571921216	84.1969124369294	-0.28601374544315894
-0.2214082571921216	0.299190770099785	-64.6363397949303	0.2624930926134355
84.1969124369294	-64.6363397949303	79573.5043579064	-81.9748938223147
-0.28601374544315894	0.2624930926134355	-81.9748938223147	0.4215575369822402

correlation matrix
==================
1.0	-0.7731412144178005	0.5700999871211324	-0.8413904601442017
-0.7731412144178005	1.0000000000000002	-0.4189077714453734	0.7391206816366199
0.5700999871211324	-0.4189077714453734	0.9999999999999998	-0.4475774435475647
-0.8413904601442017	0.7391206816366199	-0.4475774435475647	1.0

