fitting info
============
χ²:		31.481926676329334
DoF:	4
χ²/DoF:	7.870481669082333

parameters
==========
0	A	31.73882869852236	±	0.2151992693965237
1	x	6.0641210861580115	±	0.010121894329988548
2	s	1.581195837491256	±	0.008831729674246835

covariance matrix
=================
0.04631072554879759	0.00030427613088495237	-0.001177826313058126
0.00030427613088495237	0.00010245274482745433	-3.2284499884715874e-05
-0.001177826313058126	-3.2284499884715874e-05	7.799946207061148e-05

correlation matrix
==================
1.0000000000000002	0.1396899923542708	-0.6197188300652082
0.1396899923542708	1.0000000000000002	-0.3611490664912672
-0.6197188300652082	-0.3611490664912672	1.0000001670734797

