fitting info
============
χ²:		31.481927120918503
DoF:	4
χ²/DoF:	7.870481780229626

parameters
==========
0	A	31.73887479840147	±	0.2151990527109311
1	x	6.0641278012715665	±	0.010121845601574206
2	s	1.5811920412464775	±	0.008831654950634982

covariance matrix
=================
0.0463106322876821	0.00030425458377426087	-0.0011778102782991694
0.00030425458377426087	0.00010245175838210711	-3.228342845966845e-05
-0.0011778102782991694	-3.228342845966845e-05	7.799823238726364e-05

correlation matrix
==================
1.0	0.13968091339207384	-0.6197162605961872
0.13968091339207384	1.0000000000000002	-0.36114187517818774
-0.6197162605961872	-0.36114187517818774	1.0000013233674878

