fitting info
============
χ²:		0.0842505660339873
DoF:	4
χ²/DoF:	0.021062641508496825

parameters
==========
0	M_{Z}	91.13668040364094	±	0.10856197404411003
1	#Gamma_{t}	5323.472948208661	±	533.1213389778734
2	#Gamma_{Z}	1.6049201782617104	±	0.20020965015486178

covariance matrix
=================
0.01178570220835402	1.9667552803581432	0.000879586423050015
1.9667552803581432	284218.36207356054	103.44253502665998
0.000879586423050015	103.44253502665998	0.04008390401513215

correlation matrix
==================
1.0000000000000002	0.03398181153480103	0.040468376203602933
0.03398181153480103	0.9999999999999998	0.9691434885540515
0.040468376203602933	0.9691434885540515	1.0000000000000002

