fitting info
============
χ²:		0.1530887565052066
DoF:	4
χ²/DoF:	0.03827218912630165

parameters
==========
0	M_{Z}	91.18058739093544	±	0.005971465345715132
1	#Gamma_{e}	0.084	±	0.0
2	#Gamma_{Z}	4763713250.400035	±	52443855.454379395
3	#Gamma_{q}	1.2574925597894826	±	0.008602749213097522

covariance matrix
=================
3.5658398375076745e-05	40937.99953889128	8.234351354660187e-06
40937.99953889128	2750357974919839.5	431220.183237804
8.234351354660187e-06	431220.183237804	7.400729402345005e-05

correlation matrix
==================
1.0	0.13072272389264217	0.16029176657163466
0.13072272389264217	1.0	0.9558003946653268
0.16029176657163466	0.9558003946653268	1.0000000000000002

