fitting info
============
χ²:		11.70750172223345
DoF:	4
χ²/DoF:	2.9268754305583626

parameters
==========
0	M_{Z}	91.15496592615158	±	0.031313205387903054
1	#Gamma_{t}	0.07897958395236548	±	0.0018270736144854194
2	#Gamma_{Z}	2.5603305028246703	±	0.06716096461267806

covariance matrix
=================
0.0009805168355330814	9.53354278963107e-06	0.0004308232691172805
9.53354278963107e-06	3.3381980397706673e-06	0.00011824228963086021
0.0004308232691172805	0.00011824228963086021	0.0045105978233154955

correlation matrix
==================
1.0000000039449406	0.1666367350218519	0.20485883569634214
0.1666367350218519	1.0000000140859986	0.9636068082214215
0.20485883569634214	0.9636068082214215	1.0000005887493781

