fitting info
============
χ²:		5.399372029399949
DoF:	4
χ²/DoF:	1.3498430073499872

parameters
==========
0	M_{Z}	91.18876620777033	±	0.006339896475829221
1	#Gamma_{e}	0.084	±	0.0
2	#Gamma_{q}	1.7468513945312902	±	0.014977430911972123
3	#Gamma_{Z}	2.5196584259823562	±	0.012413148828804468

covariance matrix
=================
4.01942873308778e-05	2.3560673540512922e-05	2.1106883900217336e-05
2.3560673540512922e-05	0.00022432344634117383	0.00017756287440545278
2.1106883900217336e-05	0.00017756287440545278	0.00015408626384604975

correlation matrix
==================
1.0000000001653475	0.2481236781082977	0.26820075278646177
0.2481236781082977	1.0000000428768205	0.9550648890157227
0.26820075278646177	0.9550648890157227	1.0

