fitting info
============
χ²:		0.010568735206630587
DoF:	4
χ²/DoF:	0.0026421838016576467

parameters
==========
0	M_{Z}	91.11716276416838	±	0.019871735452173016
1	#Gamma_{e}	4974.252887586119	±	98.04309247611188
2	#Gamma_{Z}	1.139232575676391	±	0.028203783485507894

covariance matrix
=================
0.0003948858698811499	0.29652584356388667	0.00010956954612109813
0.29652584356388667	9612.447982279426	2.636124419063217
0.00010956954612109813	2.636124419063217	0.0007954534028974079

correlation matrix
==================
1.0	0.15219828259419674	0.19549996939112446
0.15219828259419674	1.0	0.9533262043611381
0.19549996939112446	0.9533262043611381	1.0000000000000002

