fitting info
============
χ²:		1.079238642949937
DoF:	4
χ²/DoF:	0.26980966073748425

parameters
==========
0	M_{Z}	91.13032925214083	±	0.06022492264165891
1	#Gamma_{e}	0.0956349324933159	±	0.004235805634522638
2	#Gamma_{Z}	2.291618760751457	±	0.11607258780224616

covariance matrix
=================
0.003627041360137796	5.359511250392921e-05	0.0019955067002818835
5.359511250392921e-05	1.7942050495593518e-05	0.0004718153745334884
0.0019955067002818835	0.0004718153745334884	0.013472872102947514

correlation matrix
==================
1.0000000145970205	0.21009364329500277	0.2854613218627306
0.21009364329500277	1.0000000625424534	0.9596357041448104
0.2854613218627306	0.9596357041448104	1.0000019642351794

