fitting info
============
χ²:		5.399345095501285
DoF:	4
χ²/DoF:	1.3498362738753213

parameters
==========
0	M_{Z}	91.1887662252988	±	0.006339911728105108
1	#Gamma_{e}	0.084	±	0.0
2	#Gamma_{q}	1.7468514806922575	±	0.01497747342263378
3	#Gamma_{Z}	2.51965854099861	±	0.012413226615659146

covariance matrix
=================
4.0194480726642455e-05	2.3560886771521724e-05	2.110709206189725e-05
2.3560886771521724e-05	0.00022432471974489338	0.00017756430325367243
2.110709206189725e-05	0.00017756430325367243	0.0001540881950117086

correlation matrix
==================
1.0000000001611604	0.24812462251439535	0.2682010719426578
0.24812462251439535	1.0000000428806624	0.9550638787360174
0.2682010719426578	0.9550638787360174	0.9999999999999998

