fitting info
============
χ²:		4.475667240224001
DoF:	4
χ²/DoF:	1.1189168100560003

parameters
==========
0	M_{Z}	91.19404907763234	±	0.02753786358969279
1	#Gamma_{m}	0.08246941863282453	±	0.0015124845199054882
2	#Gamma_{Z}	2.507825690748533	±	0.0515723286473313

covariance matrix
=================
0.0007583339333995001	8.739338346619882e-06	0.00033631245746196665
8.739338346619882e-06	2.287609444049092e-06	7.49702560478594e-05
0.00033631245746196665	7.49702560478594e-05	0.0026597060247362247

correlation matrix
==================
1.0000000030527083	0.20982506718381255	0.2368077811716415
0.20982506718381255	1.000000009221573	0.9611281873443914
0.2368077811716415	0.9611281873443914	1.000000354410676

