fitting info
============
χ²:		4.475827282700317
DoF:	4
χ²/DoF:	1.1189568206750793

parameters
==========
0	M_{Z}	91.19404761292927	±	0.027538038397196374
1	#Gamma_{m}	0.08246904861147764	±	0.0015124920995368552
2	#Gamma_{Z}	2.507814799346919	±	0.051572905595320684

covariance matrix
=================
0.0007583435610783645	8.739391159944852e-06	0.00033631798618735746
8.739391159944852e-06	2.2876323723357643e-06	7.497131889060325e-05
0.00033631798618735746	7.497131889060325e-05	0.0026597655342158

correlation matrix
==================
1.0000000030499405	0.20982395173832027	0.23680752166404043
0.20982395173832027	1.0000000092560153	0.9611262442276091
0.23680752166404043	0.9611262442276091	1.0000003544193135

