fitting info
============
χ²:		6.295258233937894
DoF:	4
χ²/DoF:	1.5738145584844736

parameters
==========
0	M_{Z}	91.19949014097223	±	0.07106802819009772
1	#Gamma_{e}	0.12124357427528709	±	0.006334507401395406
2	#Gamma_{Z}	2.768537872789467	±	0.15920946103123446

covariance matrix
=================
0.005050664733418795	0.00011662918299848918	0.0031610757984324505
0.00011662918299848918	4.0125988445548975e-05	0.0009834040191268184
0.0031610757984324505	0.0009834040191268184	0.025347730054742293

correlation matrix
==================
1.0000000203122317	0.2590717862452986	0.2793777218884043
0.2590717862452986	1.0000001103328904	0.9751024751609206
0.2793777218884043	0.9751024751609206	1.0000030603578056

