fitting info
============
χ²:		11.505710608848467
DoF:	4
χ²/DoF:	2.876427652212117

parameters
==========
0	M_{Z}	91.15499630698493	±	0.03133262818144544
1	#Gamma_{t}	0.07870494437189901	±	0.0018235864023274928
2	#Gamma_{Z}	2.5519726968338263	±	0.06702825215726405

covariance matrix
=================
0.000981733592634851	9.502616438954137e-06	0.00043048614908462236
9.502616438954137e-06	3.3254674136287323e-06	0.00011778096560820195
0.00043048614908462236	0.00011778096560820195	0.004492789230546301

correlation matrix
==================
1.0000000039502994	0.1663106380133962	0.20497668384148351
0.1663106380133962	1.0000000140957641	0.963586863137478
0.20497668384148351	0.963586863137478	1.0000005883405494

