fitting info
============
χ²:		32.696058792410895
DoF:	4
χ²/DoF:	8.174014698102724

parameters
==========
0	M_{Z}	91.18881120296795	±	0.0029685703616664227
1	#Gamma_{e}	0.084	±	0.0
2	#Gamma_{Z}	1.7562879336818216	±	0.006125010337587611
3	#Gamma_{q}	2.527623645159134	±	0.005559966939572612

covariance matrix
=================
8.8124099925819e-06	7.789982213858346e-06	6.520629628094812e-06
7.789982213858346e-06	3.751575190321363e-05	3.1307736545396577e-05
6.520629628094812e-06	3.1307736545396577e-05	3.0913232369140436e-05

correlation matrix
==================
1.0000000000473859	0.4284323864102248	0.39506629238574115
0.4284323864102248	1.000000007134564	0.919332546339688
0.39506629238574115	0.919332546339688	1.0

