fitting info
============
χ²:		565.1992171347255
DoF:	4
χ²/DoF:	141.29980428368137

parameters
==========
0	M_{Z}	91.19677388762697	±	0.0031531215748401564
1	#Gamma_{m}	0.08112723573322489	±	0.00014239030599050295
2	#Gamma_{Z}	2.4612305860144956	±	0.005514309071336099

covariance matrix
=================
9.942175666158934e-06	2.0450656995830975e-07	7.245385007207425e-06
2.0450656995830975e-07	2.027499924275373e-08	7.139864244999577e-07
7.245385007207425e-06	7.139864244999577e-07	3.0407604659985183e-05

correlation matrix
==================
1.0000000000439004	0.4554976337513501	0.41670589825534354
0.4554976337513501	1.000000000132413	0.9093235249969027
0.41670589825534354	0.9093235249969027	1.0000000041359915

