fitting info
============
χ²:		0.004462035020775952
DoF:	4
χ²/DoF:	0.001115508755193988

parameters
==========
0	M_{Z}	91.17888075132271	±	0.021821902719789628
1	#Gamma_{m}	4352.925108589345	±	84.86313336840989
2	#Gamma_{Z}	1.2600131115275717	±	0.030469083199674528

covariance matrix
=================
0.00047619543831196187	0.2192525732759348	9.866503201424884e-05
0.2192525732759348	7201.751405104525	2.466390917821056
9.866503201424884e-05	2.466390917821056	0.0009283650310286887

correlation matrix
==================
0.9999999999999998	0.11839490702022827	0.14839226338178912
0.11839490702022827	1.0	0.9538574208049275
0.14839226338178912	0.9538574208049275	1.0000000000000002

