fitting info
============
χ²:		4.491506420078072
DoF:	4
χ²/DoF:	1.122876605019518

parameters
==========
0	M_{Z}	91.19405562888339	±	0.027539858084956848
1	#Gamma_{m}	0.08245130647299703	±	0.0015123237889491659
2	#Gamma_{Z}	2.507314145217543	±	0.05156640195258522

covariance matrix
=================
0.0007584437856535283	8.736071920603995e-06	0.0003362263439016704
8.736071920603995e-06	2.2871232637676824e-06	7.495366861209733e-05
0.0003362263439016704	7.495366861209733e-05	0.0026590947527218266

correlation matrix
==================
1.0000000030509384	0.20975374282834824	0.23675720842493195
0.20975374282834824	1.0000000092457288	0.9611281140641518
0.23675720842493195	0.9611281140641518	1.000000354401277

