fitting info
============
χ²:		2922.9913987934183
DoF:	4
χ²/DoF:	730.7478496983546

parameters
==========
0	M_{Z}	91.08531868721886	±	0.005244696948594196
1	#Gamma_{t}	0.10551791816065803	±	0.00039295967846353363
2	#Gamma_{Z}	3.425614961746648	±	0.018491382232255216

covariance matrix
=================
2.750684608553523e-05	-8.366702926078226e-09	-7.211828003436108e-06
-8.366702926078226e-09	1.5441730897837068e-07	6.826413607506008e-06
-7.211828003436108e-06	6.826413607506008e-06	0.0003419312282749493

correlation matrix
==================
1.0000000001069538	-0.004059625394070667	-0.07436277465962635
-0.004059625394070667	1.0000000005194167	0.9394533786264304
-0.07436277465962635	0.9394533786264304	1.0000000333856194

