fitting info
============
χ²:		4.991403585591477
DoF:	4
χ²/DoF:	1.2478508963978692

parameters
==========
0	M_{Z}	91.17039325527593	±	0.06384654029894676
1	#Gamma_{e}	0.09710866879347746	±	0.0041130057741312065
2	#Gamma_{Z}	2.3545955011066155	±	0.11281673564192407

covariance matrix
=================
0.004076380774996354	3.796992511965464e-05	0.0014227729942826821
3.796992511965464e-05	1.6916817480364135e-05	0.00044303007719238185
0.0014227729942826821	0.00044303007719238185	0.01272763882786562

correlation matrix
==================
1.0000000163996754	0.14459159639591745	0.1975262028753681
0.14459159639591745	1.0000000580681059	0.9547735140224005
0.1975262028753681	0.9547735140224005	1.0000018060700546

