fitting info
============
χ²:		5.399372028665676
DoF:	4
χ²/DoF:	1.349843007166419

parameters
==========
0	M_{Z}	91.18876610397692	±	0.006339895807450091
1	#Gamma_{m}	0.08246941863282453	±	0.0
2	#Gamma_{q}	1.7792719937029244	±	0.01525537084878792
3	#Gamma_{Z}	2.5196584307796384	±	0.012413121984723155

covariance matrix
=================
4.0194278855823024e-05	2.3997853776342855e-05	2.110681087464939e-05
2.3997853776342855e-05	0.0002327263498993659	0.00018085752578585881
2.110681087464939e-05	0.00018085752578585881	0.0001540855974076173

correlation matrix
==================
1.000000000161709	0.24812327947998247	0.26820043313806163
0.24812327947998247	1.0000000436792744	0.9550646976453887
0.26820043313806163	0.9550646976453887	1.0

