fitting info
============
χ²:		1.2021226316293592
DoF:	4
χ²/DoF:	0.3005306579073398

parameters
==========
0	M_{Z}	91.12980953030963	±	0.056129880834589585
1	#Gamma_{e}	0.09562389364631274	±	0.003996043296095042
2	#Gamma_{Z}	2.2919313666258656	±	0.10939838944698521

covariance matrix
=================
0.0031505635624522917	4.3058475700214036e-05	0.0016526507891881546
4.3058475700214036e-05	1.596836291332532e-05	0.00041963613464122724
0.0016526507891881546	0.00041963613464122724	0.01196802849302665

correlation matrix
==================
1.0000000126793394	0.19197043376090053	0.2691386357993421
0.19197043376090053	1.0000000556762922	0.959912759582922
0.2691386357993421	0.959912759582922	1.0000017446038705

