fitting info
============
χ²:		11.704252168313172
DoF:	4
χ²/DoF:	2.926063042078293

parameters
==========
0	M_{Z}	91.1549459288718	±	0.031314746687137074
1	#Gamma_{t}	0.0789737813121083	±	0.0018271075720444063
2	#Gamma_{Z}	2.560153171914048	±	0.06716338746612371

covariance matrix
=================
0.0009806133639505366	9.532797900575421e-06	0.0004308461438041472
9.532797900575421e-06	3.338322126879527e-06	0.00011824821500178555
0.0004308461438041472	0.00011824821500178555	0.004510923272098253

correlation matrix
==================
1.0000000039475032	0.16661241733939808	0.20485223902045627
0.16661241733939808	1.00000001409616	0.9636024243928742
0.20485223902045627	0.9636024243928742	1.0000005888318182

