fitting info
============
χ²:		5.3994547374340565
DoF:	4
χ²/DoF:	1.3498636843585141

parameters
==========
0	M_{Z}	91.18876619450039	±	0.006339896686888835
1	#Gamma_{e}	0.084	±	0.0
2	#Gamma_{q}	1.7468524862384593	±	0.014977434684398938
3	#Gamma_{Z}	2.519659232865353	±	0.012413148200587518

covariance matrix
=================
4.019429000705185e-05	2.3560679263694664e-05	2.1106880705037684e-05
2.3560679263694664e-05	0.00022432355934456748	0.00017756290492974968
2.1106880705037684e-05	0.00017756290492974968	0.00015408624824974913

correlation matrix
==================
1.0000000001648945	0.24812366762449964	0.268200716830761
0.24812366762449964	1.0000000428806122	0.9550648609768275
0.268200716830761	0.9550648609768275	1.0

