fitting info
============
χ²:		5650.433004607961
DoF:	958
χ²/DoF:	5.898155537169062

parameters
==========
0	a	0.0024173257649597528	±	8.199472788963104e-06
1	b	0.04343223590290683	±	0.0003896928029919194
2	#tau	0.0028307445009624573	±	1.2969846909539257e-05

covariance matrix
=================
6.72313540169464e-11	-2.5853376273035484e-09	9.388846326563177e-11
-2.5853376273035484e-09	1.518604807036989e-07	-4.977814762114119e-09
9.388846326563177e-11	-4.977814762114119e-09	1.68216928856885e-10

correlation matrix
==================
1.0000000000000002	-0.8091125787564842	0.8828592099158051
-0.8091125787564842	1.0	-0.9848758680817853
0.8828592099158051	-0.9848758680817853	0.9999999999999999

