fitting info
============
χ²:		4491.177974312321
DoF:	958
χ²/DoF:	4.688077217445011

parameters
==========
0	a	0.004160336620366185	±	6.626339749020148e-06
1	b	0.12416928753927667	±	0.0005758967414582528
2	#tau	0.002439391203082496	±	4.842173989317198e-06

covariance matrix
=================
4.39083784694444e-11	-2.926277701098339e-09	2.691373177717896e-11
-2.926277701098339e-09	3.3165705682223363e-07	-2.75240483782926e-09
2.691373177717896e-11	-2.75240483782926e-09	2.3446648942820027e-11

correlation matrix
==================
1.0	-0.766826684313098	0.8388027197126511
-0.766826684313098	1.0	-0.9870230634989766
0.8388027197126511	-0.9870230634989766	0.9999999999999999

