fitting info
============
χ²:		386.0592934102394
DoF:	757
χ²/DoF:	0.5099858565524958

parameters
==========
0	a	0.00979298687149295	±	3.973524026485607e-05
1	b	33.664394807691345	±	0.9357594987279858
2	#tau	0.0008731987170600917	±	3.707708532276172e-06

covariance matrix
=================
1.5788893189058392e-09	-1.9515360430718558e-05	8.170854352368918e-11
-1.9515360430718558e-05	0.8756458394596512	-3.460744677889701e-06
8.170854352368918e-11	-3.460744677889701e-06	1.3747102560313526e-11

correlation matrix
==================
1.0	-0.5248515559995848	0.5546078845421762
-0.5248515559995848	1.0	-0.9974697390695803
0.5546078845421762	-0.9974697390695803	1.0000000000000002

