fitting info
============
χ²:		2408.9951249829965
DoF:	757
χ²/DoF:	3.1822921069788594

parameters
==========
0	a	0.007685053879356651	±	1.8080563687752735e-05
1	b	0.5828931580688607	±	0.004085314334795496
2	#tau	0.0018712904649224459	±	4.349678255871182e-06

covariance matrix
=================
3.2690678326688276e-10	-5.7476107293017915e-08	6.546363747198194e-11
-5.7476107293017915e-08	1.6689793214085563e-05	-1.7630603796466784e-08
6.546363747198194e-11	-1.7630603796466784e-08	1.8919700929598567e-11

correlation matrix
==================
1.0	-0.7781259568197142	0.8323980103618344
-0.7781259568197142	1.0	-0.9921665347366668
0.8323980103618344	-0.9921665347366668	0.9999999999999998

