fitting info
============
χ²:		8324.927046794259
DoF:	958
χ²/DoF:	8.689902971601523

parameters
==========
0	a	0.0012552881909854896	±	4.399405643823325e-06
1	b	0.01667461625289706	±	0.00015854628666375341
2	#tau	0.0030320024158809007	±	1.602201654833512e-05

covariance matrix
=================
1.9354770018904528e-11	-5.658314169376191e-10	6.285362630221722e-11
-5.658314169376191e-10	2.5136925014865075e-08	-2.495151055965293e-09
6.285362630221722e-11	-2.495151055965293e-09	2.567050142751244e-10

correlation matrix
==================
1.0	-0.8112168723962118	0.8917007984708241
-0.8112168723962118	1.0000000000000002	-0.9822535160851374
0.8917007984708241	-0.9822535160851374	0.9999999999999998

