fitting info
============
χ²:		331.3741178901229
DoF:	757
χ²/DoF:	0.4377465229724212

parameters
==========
0	a	0.005221072485274808	±	3.218622177334451e-05
1	b	407411.88264669303	±	44299.224383709916
2	#tau	0.00034389812538521066	±	2.316007417595143e-06

covariance matrix
=================
1.035952872042916e-09	-0.45246624145692865	2.42957596363808e-11
-0.45246624145692865	1962421280.998279	-0.10255207499153819
2.42957596363808e-11	-0.10255207499153819	5.3638903583557244e-12

correlation matrix
==================
1.0	-0.31733652392405753	0.32592714843496906
-0.31733652392405753	1.0	-0.9995588844870926
0.32592714843496906	-0.9995588844870926	1.0000000000000002

