fitting info
============
χ²:		905.5616769811976
DoF:	757
χ²/DoF:	1.196250564043854

parameters
==========
0	a	0.009367023942157741	±	2.7355220534870735e-05
1	b	2.1326837479617295	±	0.024465474639326364
2	#tau	0.0014356635828810943	±	4.120515161671759e-06

covariance matrix
=================
7.483080905114135e-10	-4.651840863106707e-07	8.363603581440173e-11
-4.651840863106707e-07	0.0005985594493275215	-1.0025810362544123e-07
8.363603581440173e-11	-1.0025810362544123e-07	1.697864519756684e-11

correlation matrix
==================
0.9999999999999999	-0.695073903597721	0.7419962374865745
-0.695073903597721	1.0	-0.9945218371619481
0.7419962374865745	-0.9945218371619481	1.0

