fitting info
============
χ²:		451.8935955854894
DoF:	958
χ²/DoF:	0.4717052145986319

parameters
==========
0	a	0.00872256991843141	±	3.133358046295293e-05
1	b	88.529490157727	±	3.0890064077785366
2	#tau	0.0007488231627749775	±	3.425702904385423e-06

covariance matrix
=================
9.817932646283458e-10	-4.069380687592505e-05	4.757557583655799e-11
-4.069380687592505e-05	9.54196058729686	-1.0561666139332867e-05
4.757557583655799e-11	-1.0561666139332867e-05	1.1735440389114721e-11

correlation matrix
==================
1.0000000000000002	-0.42043560376775435	0.4432250865035062
-0.42043560376775435	1.0	-0.9980767295018059
0.4432250865035062	-0.9980767295018059	0.9999999999999999

