fitting info
============
χ²:		1375.6691178669182
DoF:	958
χ²/DoF:	1.435980290048975

parameters
==========
0	a	0.009714638936657251	±	2.0695732172715266e-05
1	b	1.9411991188188131	±	0.019664184787097853
2	#tau	0.0014729347515531372	±	3.756881582588307e-06

covariance matrix
=================
4.283133301647617e-10	-2.4967850565345445e-07	5.158462194508465e-11
-2.4967850565345445e-07	0.0003866801633411306	-7.342073202799844e-08
5.158462194508465e-11	-7.342073202799844e-08	1.4114159225591222e-11

correlation matrix
==================
0.9999999999999999	-0.6135139106185108	0.6634557315769755
-0.6135139106185108	0.9999999999999999	-0.9938372197864127
0.6634557315769755	-0.9938372197864127	1.0

