fitting info
============
χ²:		397.212435185339
DoF:	757
χ²/DoF:	0.524719201037436

parameters
==========
0	a	0.008633145000920116	±	3.7558795826962166e-05
1	b	92.285994102205	±	3.355653224369419
2	#tau	0.0007445439474169828	±	3.544147146586535e-06

covariance matrix
=================
1.4106631439714305e-09	-6.09091801437789e-05	6.755959808484183e-11
-6.09091801437789e-05	11.260408562220876	-1.1870696686008742e-05
6.755959808484183e-11	-1.1870696686008742e-05	1.2560978996657479e-11

correlation matrix
==================
0.9999999999999999	-0.48327465530171376	0.5075322604344844
-0.48327465530171376	0.9999999999999999	-0.9981306443141336
0.5075322604344844	-0.9981306443141336	1.0000000000000002

