fitting info
============
χ²:		383.97954003978265
DoF:	958
χ²/DoF:	0.40081371611668337

parameters
==========
0	a	0.005207629330064117	±	2.7957205888322206e-05
1	b	413154.9742479622	±	44450.91032129893
2	#tau	0.00034359189993167846	±	2.2860168803318587e-06

covariance matrix
=================
7.816053610820378e-10	-0.34692975253178393	1.8336538119095842e-11
-0.34692975253178393	1975883428.3921595	-0.10157064662711779
1.8336538119095842e-11	-0.10157064662711779	5.225873177162204e-12

correlation matrix
==================
1.0	-0.27916895578803047	0.28690898421400696
-0.27916895578803047	0.9999999999999999	-0.9995582888472161
0.28690898421400696	-0.9995582888472161	1.0000000000000002

