fitting info
============
χ²:		3386.1980947147017
DoF:	958
χ²/DoF:	3.53465354354353

parameters
==========
0	a	0.008008133867443734	±	1.2895098005105651e-05
1	b	0.5339106958207712	±	0.0031475278776923014
2	#tau	0.0019323187573122213	±	3.779954972413623e-06

covariance matrix
=================
1.6628355256127976e-10	-2.852471567817223e-08	3.7285741836733183e-11
-2.852471567817223e-08	9.906931740850203e-06	-1.178735185061477e-08
3.7285741836733183e-11	-1.178735185061477e-08	1.4288059593474473e-11

correlation matrix
==================
1.0000000000000002	-0.7027924571506915	0.7649472973646299
-0.7027924571506915	1.0	-0.9907407711644559
0.7649472973646299	-0.9907407711644559	1.0

