fitting info
============
χ²:		6291.4626876730445
DoF:	757
χ²/DoF:	8.311047143557522

parameters
==========
0	a	0.0013938021882670443	±	9.04121032643022e-06
1	b	0.014264645434153869	±	0.00016179183319530154
2	#tau	0.0033940753641293086	±	2.7152852313724037e-05

covariance matrix
=================
8.174348416674842e-11	-1.304660681839645e-09	2.3388193629435254e-10
-1.304660681839645e-09	2.617659728869628e-08	-4.323608839874462e-09
2.3388193629435254e-10	-4.323608839874462e-09	7.372773887709088e-10

correlation matrix
==================
0.9999999999999999	-0.8918963901050789	0.9526966779253331
-0.8918963901050789	1.0000000000000002	-0.9841795638254764
0.9526966779253331	-0.9841795638254764	1.0

