fitting info
============
χ²:		3381.765498056254
DoF:	757
χ²/DoF:	4.467325624909186

parameters
==========
0	a	0.004096904666964518	±	1.0146299754680502e-05
1	b	0.1271870029967654	±	0.0007230426705787549
2	#tau	0.002410151175896748	±	6.094863336904003e-06

covariance matrix
=================
1.0294739871182962e-10	-6.145236557934405e-09	5.545561909772239e-11
-6.145236557934405e-09	5.227907034776579e-07	-4.359367855311776e-09
5.545561909772239e-11	-4.359367855311776e-09	3.7147359095536604e-11

correlation matrix
==================
1.0000000000000002	-0.8376584787980716	0.8967551869794849
-0.8376584787980716	1.0000000000000002	-0.9892262162616218
0.8967551869794849	-0.9892262162616218	1.0

