fitting info
============
χ²:		0.48459860921118547
DoF:	74
χ²/DoF:	0.006548629854205209

parameters
==========
0	a	-38.69252143349588	±	0.09096955697116434
1	b	16293.571659883004	±	38.26291395812079
2	A	-37563.04961598539	±	1789.1075661305101
3	c	0.004997584100089971	±	6.236998691991359e-06
4	s	0.0005592444356075096	±	1.4524598725469417e-06

covariance matrix
=================
0.008275460295529917	-3.3523161357174143	7.761934091366752	3.855913875211233e-09	4.444312888327345e-09
-3.3523161357174143	1464.0505845665546	995.0924008114429	-6.172868865393753e-06	3.638247099111442e-06
7.761934091366752	995.0924008114429	3200905.883185438	-0.005848589486054117	0.0012686644836616642
3.855913875211233e-09	-6.172868865393753e-06	-0.005848589486054117	3.890015268390194e-11	4.175843114386786e-12
4.444312888327345e-09	3.638247099111442e-06	0.0012686644836616642	4.175843114386786e-12	2.1096396813590783e-12

correlation matrix
==================
1.0000000000000004	-0.9630988108180147	0.04769110868631082	0.006796034773931725	0.03363600466088373
-0.9630988108180147	0.9999999999999999	0.01453613394489498	-0.025866243218701686	0.06546512594051687
0.04769110868631082	0.01453613394489498	1.0	-0.5241300186369859	0.488209455798825
0.006796034773931725	-0.025866243218701686	-0.5241300186369859	1.0000000000000002	0.46096120698459336
0.03363600466088373	0.06546512594051687	0.488209455798825	0.46096120698459336	1.0000000000000002

