fitting info
============
χ²:		0.350850049136339
DoF:	76
χ²/DoF:	0.004616448014951829

parameters
==========
0	a	-25.14140019631676	±	1.4817513382502359
1	b	9466.176746176696	±	556.1051543974928
2	A	-1.5968984078136692	±	0.09787719174801603
3	c	0.0028260223863572176	±	3.0238455463514573e-06
4	s	4.6485883787723214e-05	±	2.6392024133692837e-06

covariance matrix
=================
2.1955870284063645	-823.9792027559498	0.1367896957872589	-2.0579748554753045e-06	-2.750324446663299e-06
-823.9792027559498	309252.94274745934	-51.41393397928528	0.0007756887574982856	0.001036471301088283
0.1367896957872589	-51.41393397928528	0.009579944664477898	-1.9417427909881482e-07	-2.1137168021367272e-07
-2.0579748554753045e-06	0.0007756887574982856	-1.9417427909881482e-07	9.143641888189543e-12	7.1275538103047055e-12
-2.750324446663299e-06	0.001036471301088283	-2.1137168021367272e-07	7.1275538103047055e-12	6.965389378734252e-12

correlation matrix
==================
0.9999999999999998	-0.9999631630723926	0.9431842832860884	-0.45930918661275205	-0.7032923627574935
-0.9999631630723926	1.0	-0.944587979980156	0.46128674168751527	0.706199915499398
0.9431842832860884	-0.944587979980156	1.0000000000000002	-0.6560706308814263	-0.8182624082513767
-0.45930918661275205	0.46128674168751527	-0.6560706308814263	1.0	0.8931166808596496
-0.7032923627574935	0.706199915499398	-0.8182624082513767	0.8931166808596496	1.0

