fitting info
============
χ²:		0.06282555778760825
DoF:	76
χ²/DoF:	0.0008266520761527401

parameters
==========
0	a	-36.74010426875349	±	1.0673317036446432
1	b	12781.429283121828	±	369.3873974935888
2	A	-2.279481624430619	±	0.08982095759342311
3	c	0.003081623670566697	±	2.5080668653901177e-06
4	s	5.770316232546276e-05	±	1.9297601903362076e-06

covariance matrix
=================
1.1391969656049767	-394.2516321254266	0.08938249271514434	-1.7574040682732897e-06	-1.6936801365451588e-06
-394.2516321254266	136447.0494270866	-30.971393360272092	0.0006100998263191504	0.0005876449055858577
0.08938249271514434	-30.971393360272092	0.008067804422999512	-1.9611380874917359e-07	-1.6430876662911518e-07
-1.7574040682732897e-06	0.0006100998263191504	-1.9611380874917359e-07	6.290399401267811e-12	4.5926939089318855e-12
-1.6936801365451588e-06	0.0005876449055858577	-1.6430876662911518e-07	4.5926939089318855e-12	3.7239743922064356e-12

correlation matrix
==================
1.0000000000000002	-0.9999816157691577	0.9323422638661217	-0.656497545989131	-0.8222968781382025
-0.9999816157691577	1.0000000000000002	-0.9334713407919958	0.658536295539706	0.8243840075048446
0.9323422638661217	-0.9334713407919958	1.0	-0.8705453152860136	-0.9479375169716242
-0.656497545989131	0.658536295539706	-0.8705453152860136	1.0000000000000002	0.9489100540607016
-0.8222968781382025	0.8243840075048446	-0.9479375169716242	0.9489100540607016	0.9999999999999998

