fitting info
============
χ²:		110.15810580404255
DoF:	9
χ²/DoF:	12.239789533782506

parameters
==========
0	a	0.08864273737231886	±	0.003918305898339548
1	b	0.13327671121361623	±	0.003299625166236308
2	T_{R_{F}}	5.9209325011823815	±	0.2804344930265306

covariance matrix
=================
1.5353121112962494e-05	-1.2134142405249964e-05	0.000963342535299898
-1.2134142405249964e-05	1.0887526237659986e-05	-0.0006281953549996113
0.000963342535299898	-0.0006281953549996113	0.07864350487904724

correlation matrix
==================
1.0	-0.9385256409461662	0.8766999229850769
-0.9385256409461662	1.0000000000000002	-0.6788888616068506
0.8766999229850769	-0.6788888616068506	0.9999999999999998

