fitting info
============
χ²:		6.371641282974168
DoF:	45
χ²/DoF:	0.14159202851053707

parameters
==========
0	a	-16.041405504028102	±	0.015023948774032857
1	b	4675.007980356421	±	5.072989242776261
2	A	3.0735852503145398	±	0.015447720141262538
3	c	0.002952332974066946	±	1.6852891767610334e-07
4	s	0.00010426736348751706	±	5.018146885743677e-07

covariance matrix
=================
0.00022571903676476342	-0.03548952437146449	-0.00011988006087205585	1.3905858864824733e-10	-2.3569133822621608e-09
-0.03548952437146449	25.73521985732366	-0.04007313552611519	-9.52866229959658e-08	-8.245062680356783e-07
-0.00011988006087205585	-0.04007313552611519	0.00023863205756276826	1.9948628049741077e-10	4.340003695789808e-09
1.3905858864824733e-10	-9.52866229959658e-08	1.9948628049741077e-10	2.8401996093078816e-14	-4.138140166322863e-14
-2.3569133822621608e-09	-8.245062680356783e-07	4.340003695789808e-09	-4.138140166322863e-14	2.5181798166898963e-13

correlation matrix
==================
1.0000000000000002	-0.4656419973489026	-0.5165334697740154	0.054921108148412105	-0.31261956811705177
-0.4656419973489026	0.9999999999999999	-0.5113579247849775	-0.11145346182832121	-0.32388187947800756
-0.5165334697740154	-0.5113579247849775	0.9999999999999999	0.07662565646053399	0.5598637348998787
0.054921108148412105	-0.11145346182832121	0.07662565646053399	1.0	-0.48931372299191617
-0.31261956811705177	-0.32388187947800756	0.5598637348998787	-0.48931372299191617	1.0

