fitting info
============
χ²:		4.3885870991666085
DoF:	45
χ²/DoF:	0.09752415775925796

parameters
==========
0	a	-1.1621049103741565	±	0.24513092040241805
1	b	469.2032949177724	±	121.74666594347575
2	A	0.30679213354330703	±	0.03281109353558187
3	c	0.002001299912743721	±	1.3519310475576325e-06
4	s	4.4958406762726236e-05	±	3.65698367076845e-06

covariance matrix
=================
0.06008916813733661	-29.556823155262528	-0.0008929812683917483	3.1813913139222156e-07	-1.0528402614568558e-07
-29.556823155262528	14822.250668352277	-0.10910903342281043	-0.00015939871832328385	-8.8729242782879e-06
-0.0008929812683917483	-0.10910903342281043	0.0010765678590007022	8.770309768093613e-10	1.1820658302145001e-07
3.1813913139222156e-07	-0.00015939871832328385	8.770309768093613e-10	1.8277175573502777e-12	7.402332323485334e-14
-1.0528402614568558e-07	-8.8729242782879e-06	1.1820658302145001e-07	7.402332323485334e-14	1.3373529568267088e-11

correlation matrix
==================
1.0	-0.9903816394632958	-0.11102570721482742	0.9599850134751929	-0.11744684841479221
-0.9903816394632958	1.0	-0.027313850421228913	-0.9684410866721537	-0.01992905369681311
-0.11102570721482742	-0.027313850421228913	0.9999999999999998	0.019771503054590047	0.985139964099456
0.9599850134751929	-0.9684410866721537	0.019771503054590047	1.0	0.01497238601908878
-0.11744684841479221	-0.01992905369681311	0.985139964099456	0.01497238601908878	1.0000000000000002

