fitting info
============
χ²:		8.875389378443465
DoF:	45
χ²/DoF:	0.19723087507652146

parameters
==========
0	a	-2.3277095803870633	±	0.19795403898845212
1	b	955.2731442019963	±	84.89048183187363
2	A	0.41580265064048966	±	0.014367832338318171
3	c	0.0022735472526511824	±	5.482566236984995e-07
4	s	3.610171014639865e-05	±	1.1650079285296351e-06

covariance matrix
=================
0.03918580155184162	-16.758196254785446	-0.0010346041945931178	9.984679389337761e-08	-7.34822699727475e-08
-16.758196254785446	7206.3939056476665	0.3592292981875926	-4.3074035299556655e-05	2.4648439051618834e-05
-0.0010346041945931178	0.3592292981875926	0.0002064346061020214	-1.8420754113150316e-09	1.5882373721133377e-08
9.984679389337761e-08	-4.3074035299556655e-05	-1.8420754113150316e-09	3.0058532542927807e-13	-1.2566713664891243e-13
-7.34822699727475e-08	2.4648439051618834e-05	1.5882373721133377e-08	-1.2566713664891243e-13	1.3572434735369115e-12

correlation matrix
==================
0.9999999999999998	-0.9972496811732606	-0.3637630779770891	0.9199958525158584	-0.31863194562825403
-0.9972496811732606	1.0	0.2945245490780054	-0.925492010043579	0.24923070253020344
-0.3637630779770891	0.2945245490780054	1.0	-0.23384724983620742	0.9488450112479784
0.9199958525158584	-0.925492010043579	-0.23384724983620742	1.0000000000000002	-0.19674737714628854
-0.31863194562825403	0.24923070253020344	0.9488450112479784	-0.19674737714628854	1.0000000000000002

