fitting info
============
χ²:		41.37663579769229
DoF:	45
χ²/DoF:	0.9194807955042731

parameters
==========
0	a	-4.0838568929127055	±	0.17606907858176754
1	b	1481.7514817403046	±	63.869640944059704
2	A	0.6449167928074128	±	0.008432948431276137
3	c	0.002724019044390355	±	2.437014647548169e-07
4	s	3.117863493224257e-05	±	4.537868082770085e-07

covariance matrix
=================
0.031000320432632632	-11.230703932906229	-0.0003667166065197062	3.744021392723536e-08	-1.649405090277936e-08
-11.230703932906229	4079.3310343231074	0.10703594322637568	-1.3633034845024445e-05	4.586379219860898e-06
-0.0003667166065197062	0.10703594322637568	7.111461924456266e-05	-2.803459188293429e-10	3.373784351802724e-09
3.744021392723536e-08	-1.3633034845024445e-05	-2.803459188293429e-10	5.939040392364325e-14	-1.1582696971887768e-14
-1.649405090277936e-08	4.586379219860898e-06	3.373784351802724e-09	-1.1582696971887768e-14	2.059224673662345e-13

correlation matrix
==================
1.0	-0.9986870358465781	-0.24698355710488584	0.8725635973398214	-0.20643929744363787
-0.9986870358465781	0.9999999999999999	0.19872647141051364	-0.8758705631967004	0.1582426764190374
-0.24698355710488584	0.19872647141051364	1.0	-0.1364132808319842	0.8816292863784733
0.8725635973398214	-0.8758705631967004	-0.1364132808319842	0.9999999999999998	-0.1047368934275562
-0.20643929744363787	0.1582426764190374	0.8816292863784733	-0.1047368934275562	1.0000000000000002

