fitting info
============
χ²:		15.474544759526054
DoF:	45
χ²/DoF:	0.3438787724339123

parameters
==========
0	a	-3.1764945820056307	±	0.18638308992700361
1	b	1224.896206610782	±	72.86954066695078
2	A	0.528853002509756	±	0.01037006009250648
3	c	0.0025083791302618224	±	3.445068843960378e-07
4	s	3.304347711177406e-05	±	6.71274393257255e-07

covariance matrix
=================
0.03473865621073752	-13.559133344295493	-0.0006832710853010342	5.7350980637903016e-08	-3.763628585747358e-08
-13.559133344295493	5309.969957012394	0.22696288385790303	-2.252135354166616e-05	1.2100793267884046e-05
-0.0006832710853010342	0.22696288385790303	0.00010753814632219552	-8.155196950791169e-10	6.372605800478579e-09
5.7350980637903016e-08	-2.252135354166616e-05	-8.155196950791169e-10	1.1868499339626496e-13	-4.299302890608605e-14
-3.763628585747358e-08	1.2100793267884046e-05	6.372605800478579e-09	-4.299302890608605e-14	4.5060931104289585e-13

correlation matrix
==================
1.0	-0.9983421155366403	-0.3535128967468214	0.8931747475909788	-0.30081547242287243
-0.9983421155366403	1.0	0.30034993070779237	-0.8971200258777142	0.24738179063845106
-0.3535128967468214	0.30034993070779237	1.0	-0.2282733833897151	0.9154522591716472
0.8931747475909788	-0.8971200258777142	-0.2282733833897151	1.0	-0.18590884684326617
-0.30081547242287243	0.24738179063845106	0.9154522591716472	-0.18590884684326617	1.0

