fitting info
============
χ²:		95.94662520972022
DoF:	45
χ²/DoF:	2.1321472268826716

parameters
==========
0	a	-1.9814288575678598	±	0.13152697083814258
1	b	705.7812536222389	±	48.54990672205609
2	A	0.402460681630133	±	0.004151285823372408
3	c	0.0027487935461208523	±	2.3913192701372744e-07
4	s	2.3617620094676407e-05	±	3.5688819455537724e-07

covariance matrix
=================
0.017299344057857605	-6.38288540803389	0.00020110940988289145	2.304712848962292e-08	1.6579191638371443e-08
-6.38288540803389	2357.0934427203474	-0.07848741617043212	-8.509652284503711e-06	-6.528933048060978e-06
0.00020110940988289145	-0.07848741617043212	1.723317398733273e-05	2.7473913663849926e-10	8.324125590330662e-10
2.304712848962292e-08	-8.509652284503711e-06	2.7473913663849926e-10	5.718407851729867e-14	2.405427714291122e-14
1.6579191638371443e-08	-6.528933048060978e-06	8.324125590330662e-10	2.405427714291122e-14	1.273691834129968e-13

correlation matrix
==================
0.9999999999999998	-0.9995714188028137	0.36832817162426496	0.7327645342913224	0.35319646741679983
-0.9995714188028137	1.0	-0.3894296335918167	-0.7329694119780092	-0.37680931732260714
0.36832817162426496	-0.3894296335918167	1.0	0.27675809286857733	0.5618544247830161
0.7327645342913224	-0.7329694119780092	0.27675809286857733	1.0	0.28185293695820607
0.35319646741679983	-0.37680931732260714	0.5618544247830161	0.28185293695820607	1.0

