fitting info
============
χ²:		9.786029822192662
DoF:	45
χ²/DoF:	0.21746732938205915

parameters
==========
0	a	-2.8140727840617363	±	0.1981191316996274
1	b	1205.225962923775	±	89.31928447285642
2	A	0.5986580455778369	±	0.01574669026567015
3	c	0.00216905193362869	±	4.073248434314407e-07
4	s	3.6956255700259065e-05	±	8.83283025550211e-07

covariance matrix
=================
0.0392511903454143	-17.63587025124704	-0.0009492674375250132	7.474213841394875e-08	-4.8407482570010715e-08
-17.63587025124704	7977.93457874305	0.31729546998861397	-3.390090131887492e-05	1.5650697196279978e-05
-0.0009492674375250132	0.31729546998861397	0.0002479582543229511	-1.1599530655315198e-09	1.3281002757167113e-08
7.474213841394875e-08	-3.390090131887492e-05	-1.1599530655315198e-09	1.6591352807644768e-13	-5.68711589469155e-14
-4.8407482570010715e-08	1.5650697196279978e-05	1.3281002757167113e-08	-5.68711589469155e-14	7.801889032251348e-13

correlation matrix
==================
1.0	-0.9966100073320419	-0.30427963220190896	0.9261859827359256	-0.2766216690197175
-0.9966100073320419	1.0	0.22559493841876943	-0.9318051583411129	0.1983757442646433
-0.30427963220190896	0.22559493841876943	1.0000000000000002	-0.18084655187155793	0.9548643897874638
0.9261859827359256	-0.9318051583411129	-0.18084655187155793	1.0	-0.15807067027775745
-0.2766216690197175	0.1983757442646433	0.9548643897874638	-0.15807067027775745	1.0000000000000002

