fitting info
============
χ²:		9.86635370927591
DoF:	45
χ²/DoF:	0.21925230465057577

parameters
==========
0	a	-3.774547304267503	±	0.16883798772923328
1	b	1263.5800704495405	±	56.6375549726582
2	A	0.5081257896843783	±	0.00599906586859823
3	c	0.002943195986165314	±	2.4960946734503707e-07
4	s	2.8023973429856587e-05	±	4.178452808270921e-07

covariance matrix
=================
0.028506266100456732	-9.556031314723858	-0.0003402891879579947	3.4626353323754705e-08	-2.0262005745278894e-08
-9.556031314723858	3207.8126332808797	0.10319781733021297	-1.16394252663024e-05	6.013459353382623e-06
-0.0003402891879579947	0.10319781733021297	3.598879129578024e-05	-3.3182189181811656e-10	1.9787377002804356e-09
3.4626353323754705e-08	-1.16394252663024e-05	-3.3182189181811656e-10	6.230488618827313e-14	-1.935207199365017e-14
-2.0262005745278894e-08	6.013459353382623e-06	1.9787377002804356e-09	-1.935207199365017e-14	1.7459467870947145e-13

correlation matrix
==================
1.0000000000000002	-0.9993161361214993	-0.3359652448687079	0.8216285755640579	-0.2872081536937196
-0.9993161361214993	1.0	0.30372628962687204	-0.8233149204344401	0.25409983410179926
-0.3359652448687079	0.30372628962687204	1.0	-0.2215952011403804	0.7893854120556981
0.8216285755640579	-0.8233149204344401	-0.2215952011403804	1.0	-0.18554570933358258
-0.2872081536937196	0.25409983410179926	0.7893854120556981	-0.18554570933358258	1.0000000000000002

