fitting info
============
χ²:		1043.4604718696605
DoF:	45
χ²/DoF:	23.188010485992457

parameters
==========
0	a	-1.3133779167281592	±	0.10189654033609724
1	b	495.9357597620008	±	40.30498015468455
2	A	0.3280731897481724	±	0.003270096293710318
3	c	0.002553957698547397	±	2.3004015481997238e-07
4	s	1.844239072207126e-05	±	2.437535197738144e-07

covariance matrix
=================
0.010382904932465893	-4.105959447371461	6.349179888921737e-05	1.4041686142153793e-08	9.273226606703699e-09
-4.105959447371461	1624.4914252695155	-0.0266935535311399	-5.586391661620768e-06	-3.802856662927216e-06
6.349179888921737e-05	-0.0266935535311399	1.0693529770137958e-05	9.694077250781025e-11	9.153604335331763e-11
1.4041686142153793e-08	-5.586391661620768e-06	9.694077250781025e-11	5.291847282959686e-14	2.490371733315176e-14
9.273226606703699e-09	-3.802856662927216e-06	9.153604335331763e-11	2.490371733315176e-14	5.941577840212334e-14

correlation matrix
==================
1.0	-0.9997617230410208	0.19054504151199558	0.5990404811163889	0.3733537676046934
-0.9997617230410208	1.0	-0.20252896310642918	-0.6025166017012641	-0.3870796583758741
0.19054504151199558	-0.20252896310642918	1.0	0.12886716773175025	0.1148366987317411
0.5990404811163889	-0.6025166017012641	0.12886716773175025	1.0	0.4441295108713173
0.3733537676046934	-0.3870796583758741	0.1148366987317411	0.4441295108713173	1.0

