fitting info
============
χ²:		29.286607237629635
DoF:	45
χ²/DoF:	0.6508134941695475

parameters
==========
0	a	-4.194037950747328	±	0.1907383909675022
1	b	1679.9302806098906	±	77.44926225726708
2	A	0.7265748804551636	±	0.011853982971912261
3	c	0.0024109759975134175	±	2.7458315804525346e-07
4	s	3.43056980731065e-05	±	5.544652277622158e-07

covariance matrix
=================
0.03638113378887173	-14.742181528552473	-0.0007933449935453494	4.7405779387624584e-08	-3.184743324933414e-08
-14.742181528552473	5998.388224194936	0.2673415108263519	-1.9346416663416677e-05	1.0360755125902516e-05
-0.0007933449935453494	0.2673415108263519	0.00014051691229838585	-7.289201586914897e-10	6.121485019242209e-09
4.7405779387624584e-08	-1.9346416663416677e-05	-7.289201586914897e-10	7.539591068210464e-14	-2.7944953448989288e-14
-3.184743324933414e-08	1.0360755125902516e-05	6.121485019242209e-09	-2.7944953448989288e-14	3.0743168879740593e-13

correlation matrix
==================
1.0000000000000002	-0.9979444211852792	-0.3508808542850866	0.9051473427293957	-0.30113553445679
-0.9979444211852792	1.0000000000000002	0.29119560356113333	-0.9097233795258358	0.24126804700999746
-0.3508808542850866	0.29119560356113333	1.0	-0.22394520416306696	0.9313612752231862
0.9051473427293957	-0.9097233795258358	-0.22394520416306696	1.0	-0.1835503341558042
-0.30113553445679	0.24126804700999746	0.9313612752231862	-0.1835503341558042	1.0000000000000002

