fitting info
============
χ²:		18.32512723507875
DoF:	45
χ²/DoF:	0.40722504966841666

parameters
==========
0	a	-5.585156476533961	±	0.2366183162132452
1	b	2163.2221076095866	±	91.41739944785198
2	A	0.8117762388230562	±	0.0174121430849278
3	c	0.0025130103985846457	±	3.118940415100129e-07
4	s	3.802211663715483e-05	±	7.173451653206256e-07

covariance matrix
=================
0.055988227567591295	-21.573165197638307	-0.0017084667181367953	6.85353777250837e-08	-6.155052590164998e-08
-21.573165197638307	8357.140921808126	0.5532699239425225	-2.6648040824906254e-05	1.934059121246406e-05
-0.0017084667181367953	0.5532699239425225	0.00030318272680999894	-1.5202279274723146e-09	1.2001288167112216e-08
6.85353777250837e-08	-2.6648040824906254e-05	-1.5202279274723146e-09	9.727789312944966e-14	-5.266759066637706e-14
-6.155052590164998e-08	1.934059121246406e-05	1.2001288167112216e-08	-5.266759066637706e-14	5.145840862088757e-13

correlation matrix
==================
1.0	-0.9973248648222796	-0.4146731693068306	0.9286656311950708	-0.3626229050226799
-0.9973248648222796	1.0	0.34758095512444315	-0.9346076775065701	0.29492576003198984
-0.4146731693068306	0.34758095512444315	1.0	-0.27992997231674366	0.9608320051079602
0.9286656311950708	-0.9346076775065701	-0.27992997231674366	1.0000000000000002	-0.23540094281980348
-0.3626229050226799	0.29492576003198984	0.9608320051079602	-0.23540094281980348	1.0

