fitting info
============
χ²:		4.201490381272321
DoF:	45
χ²/DoF:	0.0933664529171627

parameters
==========
0	a	-2.071015270437014	±	0.21706506939359616
1	b	913.0559094221954	±	104.36246115847834
2	A	0.5482620779727189	±	0.023725332711636092
3	c	0.0020066367740026953	±	5.862429849736352e-07
4	s	4.1167291440432626e-05	±	1.454262586411001e-06

covariance matrix
=================
0.04711724435084671	-22.51498130059124	-0.0018574540626134632	1.2023875470225006e-07	-1.0668340715420654e-07
-22.51498130059124	10891.5232990549	0.633602749570825	-5.838117624505656e-05	3.5429697345814634e-05
-0.0018574540626134632	0.633602749570825	0.0005628914122778296	-2.9716631363819765e-09	3.3679305493501096e-08
1.2023875470225006e-07	-5.838117624505656e-05	-2.9716631363819765e-09	3.4368083743079787e-13	-1.655411903794398e-13
-1.0668340715420654e-07	3.5429697345814634e-05	3.3679305493501096e-08	-1.655411903794398e-13	2.114879670234814e-12

correlation matrix
==================
0.9999999999999999	-0.9938877475971607	-0.3606748243721163	0.9448804629691843	-0.3379590686999295
-0.9938877475971607	1.0	0.25589419228644633	-0.954225173165804	0.2334427006144749
-0.3606748243721163	0.25589419228644633	1.0	-0.21365330064231466	0.9761307285666975
0.9448804629691843	-0.954225173165804	-0.21365330064231466	1.0	-0.19417154382234567
-0.3379590686999295	0.2334427006144749	0.9761307285666975	-0.19417154382234567	1.0

