fitting info
============
χ²:		25.51242507003902
DoF:	45
χ²/DoF:	0.5669427793342005

parameters
==========
0	a	-2.633249333902894	±	0.16404554433250107
1	b	900.7712664078027	±	58.671895570222084
2	A	0.6098874387122976	±	0.006903393893496957
3	c	0.002790852595529163	±	2.2736020845657125e-07
4	s	2.9524985682740324e-05	±	4.026077084771008e-07

covariance matrix
=================
0.026910940615346577	-9.614582296669532	-7.194615379230444e-05	3.146061762683275e-08	-3.406254187103034e-09
-9.614582296669532	3442.391329803046	0.00798517615150205	-1.1272534385041207e-05	1.8456399914624673e-07
-7.194615379230444e-05	0.00798517615150205	4.765684724877107e-05	-6.342795913697548e-12	2.3307118623700397e-09
3.146061762683275e-08	-1.1272534385041207e-05	-6.342795913697548e-12	5.1692664389415536e-14	6.183177179375556e-16
-3.406254187103034e-09	1.8456399914624673e-07	2.3307118623700397e-09	6.183177179375556e-16	1.6209296692518218e-13

correlation matrix
==================
1.0000000000000002	-0.9989318550177547	-0.06353023893813498	0.8435063311041292	-0.05157396589556222
-0.9989318550177547	1.0000000000000002	0.01971477057083411	-0.845039462101669	0.00781330515785876
-0.06353023893813498	0.01971477057083411	1.0	-0.004041137475027737	0.8385787379139723
0.8435063311041292	-0.845039462101669	-0.004041137475027737	1.0	0.006754841250236816
-0.05157396589556222	0.00781330515785876	0.8385787379139723	0.006754841250236816	1.0

