fitting info
============
χ²:		11.157741639166963
DoF:	45
χ²/DoF:	0.2479498142037103

parameters
==========
0	a	-3.2342715707438803	±	0.18069089036423303
1	b	1345.6090553126103	±	77.91137228981603
2	A	0.6582100967301929	±	0.012313282147677258
3	c	0.0022714790638616628	±	3.0884189789655304e-07
4	s	3.4719300340033006e-05	±	6.262467358783376e-07

covariance matrix
=================
0.03264919786061928	-14.04276206887909	-0.0007125946964154092	5.0761551909199297e-08	-3.191703170667687e-08
-14.04276206887909	6070.181932082312	0.24326818367655895	-2.201411533706016e-05	1.0510341566009127e-05
-0.0007125946964154092	0.24326818367655895	0.00015161691724830745	-7.391917324708671e-10	7.268279765112538e-09
5.0761551909199297e-08	-2.201411533706016e-05	-7.391917324708671e-10	9.53833178963449e-14	-2.9839399614609884e-14
-3.191703170667687e-08	1.0510341566009127e-05	7.268279765112538e-09	-2.9839399614609884e-14	3.921849741982724e-13

correlation matrix
==================
1.0	-0.9975057912435678	-0.3202819741746166	0.9096250683936598	-0.2820595195976944
-0.9975057912435678	0.9999999999999999	0.2535774485054272	-0.9148800787191812	0.21541230153545
-0.3202819741746166	0.2535774485054272	1.0	-0.1943779766925835	0.9425672137475211
0.9096250683936598	-0.9148800787191812	-0.1943779766925835	1.0000000000000002	-0.15427956041442065
-0.2820595195976944	0.21541230153545	0.9425672137475211	-0.15427956041442065	1.0

