fitting info
============
χ²:		4.743017346801737
DoF:	45
χ²/DoF:	0.10540038548448304

parameters
==========
0	a	-1.5696836932731422	±	0.21026242183262292
1	b	682.369807555194	±	97.2148406587865
2	A	0.34928301561567626	±	0.019580224759625592
3	c	0.002114532457296267	±	8.194549853442371e-07
4	s	3.945018061101162e-05	±	1.917535865061701e-06

covariance matrix
=================
0.04421028603491987	-20.344460583489155	-0.0011324125795304967	1.6190187396261356e-07	-1.0302286789780532e-07
-20.344460583489155	9450.72524431325	0.34471113814045723	-7.536848212268062e-05	3.0198445141169874e-05
-0.0011324125795304967	0.34471113814045723	0.0003833852016374551	-2.4266217362032997e-09	3.649922519822154e-08
1.6190187396261356e-07	-7.536848212268062e-05	-2.4266217362032997e-09	6.715064730055239e-13	-2.1103914743506351e-13
-1.0302286789780532e-07	3.0198445141169874e-05	3.649922519822154e-08	-2.1103914743506351e-13	3.676943793797927e-12

correlation matrix
==================
1.0000000000000002	-0.9952952887613746	-0.2750586771766984	0.9396478221538622	-0.25552210549673
-0.9952952887613746	1.0	0.18109442258482197	-0.9460892297990864	0.16199757678465093
-0.2750586771766984	0.18109442258482197	1.0	-0.15123743705909276	0.9721258172155787
0.9396478221538622	-0.9460892297990864	-0.15123743705909276	1.0000000000000002	-0.1343056943291485
-0.25552210549673	0.16199757678465093	0.9721258172155787	-0.1343056943291485	1.0000000000000002

