fitting info
============
χ²:		25.418030592985666
DoF:	46
χ²/DoF:	0.5525658824562101

parameters
==========
0	a	-3.2123225978621712	±	0.15859338197233502
1	b	1227.9268350474701	±	60.739018844221285
2	A	0.5810151763290045	±	0.007458088444838791
3	c	0.0025980838322696314	±	2.6471961491885285e-07
4	s	3.172536523100576e-05	±	4.615556216086216e-07

covariance matrix
=================
0.025151860805422956	-9.620347150467166	-0.00015451744519739497	3.611243112039234e-08	-6.79566665430312e-09
-9.620347150467166	3689.2284101586683	0.03721847676182056	-1.3884541740519043e-05	1.2521932061456018e-06
-0.00015451744519739497	0.03721847676182056	5.5623083251037885e-05	-5.523118129943873e-11	2.949046339708438e-09
3.611243112039234e-08	-1.3884541740519043e-05	-5.523118129943873e-11	7.007647452278574e-14	3.5250549402055124e-17
-6.79566665430312e-09	1.2521932061456018e-06	2.949046339708438e-09	3.5250549402055124e-17	2.1303359183852107e-13

correlation matrix
==================
0.9999999999999999	-0.9987065798708112	-0.13063661815318509	0.8601724796877268	-0.09283739848669414
-0.9987065798708112	1.0	0.08216054156932386	-0.8635304489399347	0.044666253463319594
-0.13063661815318509	0.08216054156932386	0.9999999999999999	-0.027975037696765192	0.8567024771128026
0.8601724796877268	-0.8635304489399347	-0.027975037696765192	1.0	0.00028850658014797453
-0.09283739848669414	0.044666253463319594	0.8567024771128026	0.00028850658014797453	0.9999999999999999

