fitting info
============
χ²:		42.90069521534759
DoF:	45
χ²/DoF:	0.9533487825632798

parameters
==========
0	a	-4.575278465789176	±	0.17734497099784732
1	b	1638.9893256393912	±	62.6839879295864
2	A	0.7046216571225866	±	0.007850125756833267
3	c	0.002809885989378073	±	2.1484791925814556e-07
4	s	3.0721243852867904e-05	±	3.908288230890557e-07

covariance matrix
=================
0.031451238738227305	-11.10384737345803	-0.00023299585562765274	3.2843786259480236e-08	-9.493643357918503e-09
-11.10384737345803	3929.2823427565336	0.05985978015199831	-1.1639436104085646e-05	2.239490416348899e-06
-0.00023299585562765274	0.05985978015199831	6.162447439809709e-05	-1.34217536021603e-10	2.666533156740446e-09
3.2843786259480236e-08	-1.1639436104085646e-05	-1.34217536021603e-10	4.615962840955463e-14	-4.6201269027163725e-15
-9.493643357918503e-09	2.239490416348899e-06	2.666533156740446e-09	-4.6201269027163725e-15	1.527471689571764e-13

correlation matrix
==================
1.0	-0.9988447417424471	-0.1673603997255431	0.8619919053238554	-0.13697062906096674
-0.9988447417424471	1.0	0.12164713502069834	-0.8642595162889516	0.09141258812498868
-0.1673603997255431	0.12164713502069834	1.0000000000000002	-0.07957955304758611	0.8691280957603464
0.8619919053238554	-0.8642595162889516	-0.07957955304758611	1.0	-0.05502197405624813
-0.13697062906096674	0.09141258812498868	0.8691280957603464	-0.05502197405624813	1.0

