fitting info
============
χ²:		10.60620271031055
DoF:	45
χ²/DoF:	0.23569339356245667

parameters
==========
0	a	-2.4674595725274577	±	0.1943337951994112
1	b	1008.0224800932057	±	79.86794636251041
2	A	0.4715201472658101	±	0.012161551799000228
3	c	0.0023703869332231315	±	4.338502238454759e-07
4	s	3.4454255031458055e-05	±	8.713991983775447e-07

covariance matrix
=================
0.0377656239566067	-15.490391362283297	-0.00099174727121039	7.66029393892251e-08	-6.142562319397128e-08
-15.490391362283297	6378.88885616484	0.35238066615784885	-3.164628637223863e-05	2.12479580426994e-05
-0.00099174727121039	0.35238066615784885	0.0001479033421597657	-1.515138827778144e-09	9.891163856011973e-09
7.66029393892251e-08	-3.164628637223863e-05	-1.515138827778144e-09	1.8822601673076955e-13	-9.096025075704024e-14
-6.142562319397128e-08	2.12479580426994e-05	9.891163856011973e-09	-9.096025075704024e-14	7.593365629330275e-13

correlation matrix
==================
1.0	-0.9980252762126676	-0.4196272549822712	0.9085676647163468	-0.362730507084828
-0.9980252762126676	1.0	0.3627860347043396	-0.9132935916007608	0.30530050764185035
-0.4196272549822712	0.3627860347043396	1.0	-0.28715977741669124	0.9333429393041646
0.9085676647163468	-0.9132935916007608	-0.28715977741669124	1.0000000000000002	-0.2405994703670831
-0.362730507084828	0.30530050764185035	0.9333429393041646	-0.2405994703670831	1.0

