fitting info
============
χ²:		216.31335321015595
DoF:	45
χ²/DoF:	4.806963404670133

parameters
==========
0	a	-9.712496320899998	±	0.13212539825865732
1	b	3516.6297579632605	±	46.412183672159564
2	A	0.48989086342367716	±	0.003981313676618945
3	c	0.002811331736152411	±	1.86972186434246e-07
4	s	2.2839244173923772e-05	±	2.45988205362238e-07

covariance matrix
=================
0.01745712086500881	-6.130150135200406	-0.0001856681261322279	1.7400801902502016e-08	-1.1838307411518469e-08
-6.130150135200406	2154.090793218275	0.061810026250579915	-6.107339068377761e-06	3.931619169876725e-06
-0.0001856681261322279	0.061810026250579915	1.5850858591633062e-05	-1.913888978383512e-10	4.596624482801758e-10
1.7400801902502016e-08	-6.107339068377761e-06	-1.913888978383512e-10	3.495859850000244e-14	-1.2431710763445446e-14
-1.1838307411518469e-08	3.931619169876725e-06	4.596624482801758e-10	-1.2431710763445446e-14	6.051019717733455e-14

correlation matrix
==================
1.0000000000000002	-0.9996611155925189	-0.35295931597880326	0.7043782655537272	-0.3642411595682095
-0.9996611155925189	1.0	0.33450339503820514	-0.7037898885718841	0.34436987869798824
-0.35295931597880326	0.33450339503820514	1.0	-0.2571066673420375	0.4693516468526084
0.7043782655537272	-0.7037898885718841	-0.2571066673420375	1.0	-0.27029599237278734
-0.3642411595682095	0.34436987869798824	0.4693516468526084	-0.27029599237278734	0.9999999999999998

