fitting info
============
χ²:		5.969001219073858
DoF:	45
χ²/DoF:	0.13264447153497463

parameters
==========
0	a	-1.5937776659442269	±	0.24706800948125213
1	b	648.3364614066115	±	110.03632980638545
2	A	0.35310540828296494	±	0.021948861845047497
3	c	0.002142113740755036	±	9.020513440115881e-07
4	s	4.011635545241353e-05	±	2.0609343609542573e-06

covariance matrix
=================
0.0610426013090281	-27.093471810618762	-0.0029091477520201566	2.1083728856969748e-07	-2.4670808019366957e-07
-27.093471810618762	12107.993877259632	1.1237351431492846	-9.462522725771282e-05	9.340187729116804e-05
-0.0029091477520201566	1.1237351431492846	0.00048175253629298187	-7.906032135814404e-09	4.3938637212692316e-08
2.1083728856969748e-07	-9.462522725771282e-05	-7.906032135814404e-09	8.136966272331123e-13	-6.57581807132138e-13
-2.4670808019366957e-07	9.340187729116804e-05	4.3938637212692316e-08	-6.57581807132138e-13	4.247450440161932e-12

correlation matrix
==================
1.0000000000000002	-0.9965797247743632	-0.5364598920555335	0.9460185409081188	-0.48450994677149783
-0.9965797247743632	1.0	0.46528158230324135	-0.9533219250119269	0.4118654375087376
-0.5364598920555335	0.46528158230324135	1.0000000000000002	-0.3993147131318999	0.9713380864451673
0.9460185409081188	-0.9533219250119269	-0.3993147131318999	0.9999999999999999	-0.3537157281434968
-0.48450994677149783	0.4118654375087376	0.9713380864451673	-0.3537157281434968	0.9999999999999998

