fitting info
============
χ²:		7.554601839668234
DoF:	45
χ²/DoF:	0.1678800408815163

parameters
==========
0	a	-2.8337924697562014	±	0.1936143708789031
1	b	1129.5674367044783	±	79.01369873950463
2	A	0.4550200712044441	±	0.011862663999737186
3	c	0.0023878162312632365	±	4.4190275294522586e-07
4	s	3.4242104088607615e-05	±	8.833592039212714e-07

covariance matrix
=================
0.03748652461083344	-15.269223033331242	-0.0009702299503612205	7.75683933573629e-08	-6.227840403913988e-08
-15.269223033331242	6243.164588497196	0.3439122635139355	-3.182133030834268e-05	2.1495897589395483e-05
-0.0009702299503612205	0.3439122635139355	0.00014072279717066064	-1.506907995753776e-09	9.761272981839743e-09
7.75683933573629e-08	-3.182133030834268e-05	-1.506907995753776e-09	1.9527804306056933e-13	-9.402973024715121e-14
-6.227840403913988e-08	2.1495897589395483e-05	9.761272981839743e-09	-9.402973024715121e-14	7.803234831524223e-13

correlation matrix
==================
1.0	-0.99810666859742	-0.42243010192567404	0.9066099888262663	-0.3641351026320707
-0.99810666859742	1.0	0.3669129504929487	-0.9113584660440035	0.30797527647109957
-0.42243010192567404	0.3669129504929487	1.0	-0.28746025111269	0.931508646289336
0.9066099888262663	-0.9113584660440035	-0.28746025111269	1.0	-0.24088022306200288
-0.3641351026320707	0.30797527647109957	0.931508646289336	-0.24088022306200288	1.0

