fitting info
============
χ²:		20.31661258928485
DoF:	45
χ²/DoF:	0.4514802797618856

parameters
==========
0	a	-5.4363648459084315	±	0.2147916504080213
1	b	1987.6226293515758	±	71.81331208956125
2	A	0.46146322559295666	±	0.008958705964059845
3	c	0.0029184628066481603	±	3.6708650763730136e-07
4	s	3.153337468115305e-05	±	6.50698885919219e-07

covariance matrix
=================
0.046135453085001644	-15.413442212787245	-0.0010684299685880976	7.001237130195892e-08	-6.743339288158903e-08
-15.413442212787245	5157.151793272725	0.3371801618667883	-2.349940249963317e-05	2.10347092458108e-05
-0.0010684299685880976	0.3371801618667883	8.025841255048142e-05	-1.3379020946570288e-09	5.187736250629369e-09
7.001237130195892e-08	-2.349940249963317e-05	-1.3379020946570288e-09	1.347525040893505e-13	-8.205151864395313e-14
-6.743339288158903e-08	2.10347092458108e-05	5.187736250629369e-09	-8.205151864395313e-14	4.234090401365127e-13

correlation matrix
==================
1.0	-0.9992572002200385	-0.5552433724141386	0.8879509375545813	-0.4824780423965012
-0.9992572002200385	1.0000000000000002	0.5240971220193846	-0.8914221897219631	0.4501440281551421
-0.5552433724141386	0.5240971220193846	0.9999999999999998	-0.4068278061789341	0.889923227258815
0.8879509375545813	-0.8914221897219631	-0.4068278061789341	1.0	-0.3435090142951581
-0.4824780423965012	0.4501440281551421	0.889923227258815	-0.3435090142951581	1.0

