fitting info
============
χ²:		22.579504044642814
DoF:	45
χ²/DoF:	0.501766756547618

parameters
==========
0	a	-3.635695740258748	±	0.1753511024657774
1	b	1364.6776388353794	±	66.38546524221964
2	A	0.550722615242312	±	0.00876348265553685
3	c	0.0026091998588153556	±	2.9511926787676333e-07
4	s	3.162955346467443e-05	±	5.531304949720156e-07

covariance matrix
=================
0.030748009135963567	-11.6241644239359	-0.0003896339776398338	4.528049566000268e-08	-2.0575559713220092e-08
-11.6241644239359	4407.029995425952	0.11821367843173078	-1.720237632535614e-05	5.942256603884838e-06
-0.0003896339776398338	0.11821367843173078	7.679862825389522e-05	-3.7636671992835234e-10	4.315911318895573e-09
4.528049566000268e-08	-1.720237632535614e-05	-3.7636671992835234e-10	8.709538227211679e-14	-1.8380024146981253e-14
-2.0575559713220092e-08	5.942256603884838e-06	4.315911318895573e-09	-1.8380024146981253e-14	3.05953344467987e-13

correlation matrix
==================
1.0000000000000002	-0.9985739687487625	-0.2535546560202527	0.8749940637395371	-0.2121365760279601
-0.9985739687487625	1.0	0.20319732984809968	-0.8780472279851974	0.16182693037591636
-0.2535546560202527	0.20319732984809968	1.0000000000000002	-0.14552476875789896	0.8903652026417994
0.8749940637395371	-0.8780472279851974	-0.14552476875789896	1.0	-0.11259546797532342
-0.2121365760279601	0.16182693037591636	0.8903652026417994	-0.11259546797532342	1.0

