fitting info
============
χ²:		9.944421270693951
DoF:	45
χ²/DoF:	0.22098713934875447

parameters
==========
0	a	-3.34737422472325	±	0.18972450105660715
1	b	1391.0478589111194	±	80.95092521958381
2	A	0.6673195964500984	±	0.01287962116042093
3	c	0.0022858813900991765	±	3.173293195577095e-07
4	s	3.505706598628993e-05	±	6.526026699996647e-07

covariance matrix
=================
0.035995386301178524	-15.321529466079188	-0.0009222305315205743	5.4925452725016285e-08	-4.0671031892987404e-08
-15.321529466079188	6553.0522939066495	0.326706025863801	-2.356491185472156e-05	1.3954964443672562e-05
-0.0009222305315205743	0.326706025863801	0.00016588464123596262	-1.0125581984155253e-09	7.89659066481637e-09
5.4925452725016285e-08	-2.356491185472156e-05	-1.0125581984155253e-09	1.006978970509589e-13	-4.304618002568624e-14
-4.0671031892987404e-08	1.3954964443672562e-05	7.89659066481637e-09	-4.304618002568624e-14	4.2589024489069136e-13

correlation matrix
==================
0.9999999999999998	-0.9976010200348482	-0.3774096388598129	0.9123049377462401	-0.3284830206138967
-0.9976010200348482	1.0	0.3133518326571775	-0.9173473321878831	0.26415453506033265
-0.3774096388598129	0.3133518326571775	1.0	-0.24774603062933423	0.9394803283052638
0.9123049377462401	-0.9173473321878831	-0.24774603062933423	1.0	-0.20786222457933445
-0.3284830206138967	0.26415453506033265	0.9394803283052638	-0.20786222457933445	1.0000000000000002

