fitting info
============
χ²:		3.5889499746631572
DoF:	46
χ²/DoF:	0.07802065162311211

parameters
==========
0	a	3.781926131430496	±	0.014414005698900858
1	b	-1396.5788936127392	±	4.624547485096939
2	A	0.8276443194088137	±	0.014890810210379402
3	c	0.003134140025205513	±	1.1143990546968523e-06
4	s	0.00011630665929009449	±	2.283951278407242e-06

covariance matrix
=================
0.00020776356028794643	-0.031017143896165566	-0.00010944954660634324	4.531113848398817e-10	-9.403147796178418e-09
-0.031017143896165566	21.386439441916426	-0.035706997021228475	-3.4520416824956335e-07	-2.816095526204354e-06
-0.00010944954660634324	-0.035706997021228475	0.00022173622872153948	7.27901593168743e-10	1.7270832595420353e-08
4.531113848398817e-10	-3.4520416824956335e-07	7.27901593168743e-10	1.241885253109238e-12	1.901719446520588e-12
-9.403147796178418e-09	-2.816095526204354e-06	1.7270832595420353e-08	1.901719446520588e-12	5.216433442138077e-12

correlation matrix
==================
1.0000000000000002	-0.46531587801400515	-0.5099304532916282	0.028208471222981275	-0.28562863052846765
-0.46531587801400515	1.0	-0.5185202905975195	-0.06698322491778079	-0.2666191283371082
-0.5099304532916282	-0.5185202905975195	1.0000000000000002	0.04386454274351939	0.5078180237020328
0.028208471222981275	-0.06698322491778079	0.04386454274351939	0.9999999999999999	0.7471690559213388
-0.28562863052846765	-0.2666191283371082	0.5078180237020328	0.7471690559213388	1.0000000000000002

