fitting info
============
χ²:		32.07582009754359
DoF:	45
χ²/DoF:	0.7127960021676354

parameters
==========
0	a	0.1482684365121202	±	0.08433444739954558
1	b	-120.91469396158284	±	34.557853879353026
2	A	0.045424827296612895	±	0.0033386363518096685
3	c	0.0024523652229431554	±	1.3093052630232695e-06
4	s	1.4207465076027844e-05	±	1.3214183374262849e-06

covariance matrix
=================
0.007112299018186722	-2.9137818768921804	9.544244315544804e-06	4.448287724753939e-08	2.2950927262016336e-08
-2.9137818768921804	1194.245264746715	-0.00489188677352923	-1.838344533547173e-05	-9.920948242068065e-06
9.544244315544804e-06	-0.00489188677352923	1.1146492689624971e-05	-2.1480419059805753e-10	-8.148415028304432e-10
4.448287724753939e-08	-1.838344533547173e-05	-2.1480419059805753e-10	1.7142802717804331e-12	6.308387891109139e-13
2.2950927262016336e-08	-9.920948242068065e-06	-8.148415028304432e-10	6.308387891109139e-13	1.746146422486447e-12

correlation matrix
==================
1.0000000000000002	-0.9997819003848732	0.033897481051158744	0.4028533258304789	0.20594673146186177
-0.9997819003848732	1.0	-0.04239947847225267	-0.4062928975386534	-0.21725315429417322
0.033897481051158744	-0.04239947847225267	0.9999999999999999	-0.04913972461862288	-0.18469863850012824
0.4028533258304789	-0.4062928975386534	-0.04913972461862288	1.0000000000000002	0.3646171957184521
0.20594673146186177	-0.21725315429417322	-0.18469863850012824	0.3646171957184521	1.0000000000000002

