fitting info
============
χ²:		4.081429460421227
DoF:	45
χ²/DoF:	0.09069843245380506

parameters
==========
0	a	-2.2111069865459956	±	0.21437720773698407
1	b	979.9904756580138	±	102.17985332427348
2	A	0.53848747565079	±	0.02144912539613172
3	c	0.0020315662248199186	±	5.631890532481988e-07
4	s	4.0103262615765904e-05	±	1.3375035143837963e-06

covariance matrix
=================
0.04595758719710603	-21.7918830301901	-0.0016260357939728613	1.1372947509940922e-07	-9.24261417739405e-08
-21.7918830301901	10440.722425370042	0.5639302720521298	-5.4665539013219766e-05	3.089794977527289e-05
-0.0016260357939728613	0.5639302720521298	0.0004600649802589827	-2.595337757883288e-09	2.7877587330531715e-08
1.1372947509940922e-07	-5.4665539013219766e-05	-2.595337757883288e-09	3.1718190969860257e-13	-1.4207823384212257e-13
-9.24261417739405e-08	3.089794977527289e-05	2.7877587330531715e-08	-1.4207823384212257e-13	1.7889156509890058e-12

correlation matrix
==================
1.0000000000000002	-0.9948345834743272	-0.35362413924984404	0.9419768289237305	-0.32234525561681
-0.9948345834743272	1.0	0.2573063743080183	-0.9499355808961676	0.2260838062323623
-0.35362413924984404	0.2573063743080183	0.9999999999999999	-0.21484739488466797	0.9717413086333312
0.9419768289237305	-0.9499355808961676	-0.21484739488466797	1.0000000000000002	-0.1886159490503852
-0.32234525561681	0.2260838062323623	0.9717413086333312	-0.1886159490503852	0.9999999999999999

