fitting info
============
χ²:		37.094432590413234
DoF:	45
χ²/DoF:	0.8243207242314052

parameters
==========
0	a	-5.377554704821138	±	0.18909280686424865
1	b	1999.7620085230055	±	70.4096724304828
2	A	0.849504695588276	±	0.009675966262884786
3	c	0.0026465913237898376	±	2.0696551718014937e-07
4	s	3.271647778509633e-05	±	3.9074281760884105e-07

covariance matrix
=================
0.03575608960780004	-13.294772045585578	-0.0005300695906418449	3.47488213516501e-08	-1.852484657309653e-08
-13.294772045585578	4957.521971767889	0.16300400681590543	-1.298400538571481e-05	5.513590092504269e-06
-0.0005300695906418449	0.16300400681590543	9.362432312048458e-05	-3.621638245599762e-10	3.421867592957587e-09
3.47488213516501e-08	-1.298400538571481e-05	-3.621638245599762e-10	4.283472530164671e-14	-1.2070729294272277e-14
-1.852484657309653e-08	5.513590092504269e-06	3.421867592957587e-09	-1.2070729294272277e-14	1.5267994951289604e-13

correlation matrix
==================
1.0	-0.9985586150962494	-0.28971003336010737	0.8879061758609862	-0.2507197854111555
-0.9985586150962494	0.9999999999999998	0.2392608331454385	-0.8910013664199244	0.20040619744291607
-0.28971003336010737	0.2392608331454385	1.0	-0.18084759150844656	0.9050610008193655
0.8879061758609862	-0.8910013664199244	-0.18084759150844656	1.0000000000000002	-0.14926036983607904
-0.2507197854111555	0.20040619744291607	0.9050610008193655	-0.14926036983607904	1.0000000000000002

