fitting info
============
χ²:		112.15299285518915
DoF:	45
χ²/DoF:	2.4922887301153147

parameters
==========
0	a	-8.376645345487121	±	0.2692163282947245
1	b	2884.3246040452577	±	92.43243054750936
2	A	0.6535420486326564	±	0.01645376148376998
3	c	0.002842705538564461	±	3.8955093843123237e-07
4	s	3.7563088968361506e-05	±	8.407119946173832e-07

covariance matrix
=================
0.0724774314204929	-24.83842060770355	-0.001804516701154612	9.75788604219331e-08	-7.9391250257565e-08
-24.83842060770355	8543.75421692014	0.5348520128026049	-3.368030692778e-05	2.2887728886762785e-05
-0.001804516701154612	0.5348520128026049	0.0002707262669647925	-1.7858965290597492e-09	1.3234702267268028e-08
9.75788604219331e-08	-3.368030692778e-05	-1.7858965290597492e-09	1.517499336326538e-13	-7.556606980798324e-14
-7.9391250257565e-08	2.2887728886762785e-05	1.3234702267268028e-08	-7.556606980798324e-14	7.067966578935389e-13

correlation matrix
==================
1.0	-0.9981555067427176	-0.4073749420023679	0.930443679657126	-0.35077125841747353
-0.9981555067427176	1.0	0.35167707934324194	-0.9353785629871426	0.29453104866911006
-0.4073749420023679	0.35167707934324194	1.0	-0.27862933657834593	0.9567571900669818
0.930443679657126	-0.9353785629871426	-0.27862933657834593	1.0	-0.23073598783471258
-0.35077125841747353	0.29453104866911006	0.9567571900669818	-0.23073598783471258	0.9999999999999999

