fitting info
============
χ²:		8.611188495913089
DoF:	45
χ²/DoF:	0.19135974435362418

parameters
==========
0	a	-2.9608447835869898	±	0.18730102190962
1	b	1138.9304746294022	±	74.5512308280707
2	A	0.544373340307753	±	0.011160599857147055
3	c	0.002471668532810309	±	3.5155803494959045e-07
4	s	3.381988358285382e-05	±	7.010469751562591e-07

covariance matrix
=================
0.03508167280838795	-13.936071640445343	-0.000598595761957049	5.930850824575264e-08	-3.2546004101185054e-08
-13.936071640445343	5557.886017980279	0.18877651188214337	-2.370377628990377e-05	9.855741460730571e-06
-0.000598595761957049	0.18877651188214337	0.00012455898917135085	-6.854494359243052e-10	7.2403065275477985e-09
5.930850824575264e-08	-2.370377628990377e-05	-6.854494359243052e-10	1.2359305193761745e-13	-3.55282407292001e-14
-3.2546004101185054e-08	9.855741460730571e-06	7.2403065275477985e-09	-3.55282407292001e-14	4.914668613757406e-13

correlation matrix
==================
0.9999999999999998	-0.9980341579420133	-0.28635577975316023	0.9006993004160677	-0.2478622616618784
-0.9980341579420133	0.9999999999999999	0.2268849044910964	-0.9044107034520344	0.1885764104346763
-0.28635577975316023	0.2268849044910964	1.0	-0.17469917637577193	0.9253846592884838
0.9006993004160677	-0.9044107034520344	-0.17469917637577193	1.0	-0.14415494832453632
-0.2478622616618784	0.1885764104346763	0.9253846592884838	-0.14415494832453632	1.0

