fitting info
============
χ²:		220.85543022567134
DoF:	45
χ²/DoF:	4.907898449459363

parameters
==========
0	a	-4.063341002606687	±	0.23954387429224294
1	b	1403.8617943570266	±	80.21230149155183
2	A	0.811021360561104	±	0.010259452845785007
3	c	0.0029059101665810847	±	2.347695481223406e-07
4	s	3.2601538478796914e-05	±	4.1713969652778406e-07

covariance matrix
=================
0.05738126771093789	-19.200628432431582	-0.0014838273922330339	5.0929377838498796e-08	-5.320483622856312e-08
-19.200628432431582	6434.013310571607	0.47252121800658115	-1.7098788867407773e-05	1.6783484885562266e-05
-0.0014838273922330339	0.47252121800658115	0.00010525637269488608	-1.1640426592334725e-09	3.9021688488564816e-09
5.0929377838498796e-08	-1.7098788867407773e-05	-1.1640426592334725e-09	5.5116740725568004e-14	-4.15555254132165e-14
-5.320483622856312e-08	1.6783484885562266e-05	3.9021688488564816e-09	-4.15555254132165e-14	1.7400552641929176e-13

correlation matrix
==================
1.0	-0.9992850644598651	-0.6037735936488312	0.9056106837378437	-0.5324569749471171
-0.9992850644598651	0.9999999999999999	0.5741906781186393	-0.9079932253430222	0.501602443486427
-0.6037735936488312	0.5741906781186393	1.0000000000000002	-0.4832845735127622	0.9118015728802105
0.9056106837378437	-0.9079932253430222	-0.4832845735127622	1.0000000000000002	-0.42433171524019586
-0.5324569749471171	0.501602443486427	0.9118015728802105	-0.42433171524019586	0.9999999999999999

