fitting info
============
χ²:		24.611585714024844
DoF:	45
χ²/DoF:	0.5469241269783299

parameters
==========
0	a	-3.9509240796875873	±	0.17709127281099932
1	b	1436.5998847076596	±	65.32890201944093
2	A	0.6632338051491637	±	0.008685400783551551
3	c	0.0026899673680351598	±	2.437418717754794e-07
4	s	3.159616043457571e-05	±	4.574059489194951e-07

covariance matrix
=================
0.031361318905819786	-11.552815102297982	-0.00026749507235555	3.785068070517973e-08	-1.1603978551824388e-08
-11.552815102297982	4267.865439065713	0.06976218986781056	-1.4004280026919418e-05	2.766199962143858e-06
-0.00026749507235555	0.06976218986781056	7.543618677091789e-05	-1.7519082775391693e-10	3.533346921187408e-09
3.785068070517973e-08	-1.4004280026919418e-05	-1.7519082775391693e-10	5.941010005661425e-14	-6.561871460939094e-15
-1.1603978551824388e-08	2.766199962143858e-06	3.533346921187408e-09	-6.561871460939094e-15	2.0922020210694376e-13

correlation matrix
==================
1.0	-0.9985856119518585	-0.17391168510889052	0.8768925754619047	-0.1432543931969159
-0.9985856119518585	0.9999999999999998	0.12294896643576785	-0.8794786179437842	0.09257130866482888
-0.17391168510889052	0.12294896643576785	1.0	-0.08275445048317599	0.8893948461493523
0.8768925754619047	-0.8794786179437842	-0.08275445048317599	1.0000000000000002	-0.05885668103112621
-0.1432543931969159	0.09257130866482888	0.8893948461493523	-0.05885668103112621	0.9999999999999999

