fitting info
============
χ²:		6.275306920281169
DoF:	45
χ²/DoF:	0.1394512648951371

parameters
==========
0	a	-2.082610327810083	±	0.22769033881835302
1	b	838.3186790181761	±	98.22197429866962
2	A	0.43043795692184583	±	0.01816616894499331
3	c	0.0022328076633718872	±	6.326547023628644e-07
4	s	3.8142229874432106e-05	±	1.4039582237638628e-06

covariance matrix
=================
0.051842890391216395	-22.297535658383897	-0.001974771285806327	1.352329361901389e-07	-1.3578898229355818e-07
-22.297535658383897	9647.556235128515	0.7293449844648012	-5.8708421289830496e-05	4.895867128756647e-05
-0.001974771285806327	0.7293449844648012	0.0003300096941380393	-3.996839944416026e-09	2.457972008386764e-08
1.352329361901389e-07	-5.8708421289830496e-05	-3.996839944416026e-09	4.002519724218445e-13	-2.6581189684435735e-13
-1.3578898229355818e-07	4.895867128756647e-05	2.457972008386764e-08	-2.6581189684435735e-13	1.9710986940741807e-12

correlation matrix
==================
1.0	-0.9970193896870544	-0.47742906175576805	0.9387957910436647	-0.42478164745793984
-0.9970193896870544	1.0	0.4087530371332652	-0.9447676243606729	0.35503141087064943
-0.47742906175576805	0.4087530371332652	0.9999999999999999	-0.3477656378504925	0.9637389218587319
0.9387957910436647	-0.9447676243606729	-0.3477656378504925	1.0	-0.299263319625368
-0.42478164745793984	0.35503141087064943	0.9637389218587319	-0.299263319625368	1.0

