fitting info
============
χ²:		3.7482018841237603
DoF:	45
χ²/DoF:	0.08329337520275024

parameters
==========
0	a	-1.4929566877922265	±	0.28194233520108547
1	b	649.1598172361258	±	128.23036626559488
2	A	0.3483703713031094	±	0.02576312424966562
3	c	0.0020730719361256368	±	1.08309896366101e-06
4	s	4.167917470452069e-05	±	2.4415645346006437e-06

covariance matrix
=================
0.07949148037864125	-36.04307315218645	-0.00464187818632623	2.937599763340143e-07	-3.9843135313901477e-07
-36.04307315218645	16443.026832608615	1.9071595445779568	-0.0001344987263879552	0.00016103495044504434
-0.00464187818632623	1.9071595445779568	0.0006637385711037087	-1.458616549603849e-08	6.146046562293307e-08
2.937599763340143e-07	-0.0001344987263879552	-1.458616549603849e-08	1.1731033650835537e-12	-1.2230576299651416e-12
-3.9843135313901477e-07	0.00016103495044504434	6.146046562293307e-08	-1.2230576299651416e-12	5.961237376619658e-12

correlation matrix
==================
1.0000000000000002	-0.9969437109596242	-0.6390501172446381	0.9619758995354044	-0.5787953134889884
-0.9969437109596242	1.0	0.5772947592745753	-0.9684097400843789	0.5143527348205233
-0.6390501172446381	0.5772947592745753	1.0	-0.5227264409713779	0.9770777197788795
0.9619758995354044	-0.9684097400843789	-0.5227264409713779	1.0	-0.4624987604403704
-0.5787953134889884	0.5143527348205233	0.9770777197788795	-0.4624987604403704	1.0

