fitting info
============
χ²:		18.49529325097418
DoF:	45
χ²/DoF:	0.41100651668831506

parameters
==========
0	a	-3.425450949377799	±	0.1866681474180956
1	b	1323.6332114190436	±	72.1892396930147
2	A	0.5948311964778984	±	0.010226668558773253
3	c	0.002562024585384207	±	3.069259895069585e-07
4	s	3.301346968566176e-05	±	5.957877809648633e-07

covariance matrix
=================
0.03484499726050387	-13.452161401989958	-0.0003572564859658598	5.1281816546249036e-08	-1.5359242668368843e-08
-13.452161401989958	5211.286327455528	0.09625083944152725	-1.9906717847486405e-05	3.512248637002928e-06
-0.0003572564859658598	0.09625083944152725	0.0001045847498110014	-2.7091618898993334e-10	5.571490254776901e-09
5.1281816546249036e-08	-1.9906717847486405e-05	-2.7091618898993334e-10	9.420356303482558e-14	-8.267415578487961e-15
-1.5359242668368843e-08	3.512248637002928e-06	5.571490254776901e-09	-8.267415578487961e-15	3.549630799470359e-13

correlation matrix
==================
1.0	-0.9982731362042588	-0.18714392072941907	0.8950751886334107	-0.13810455178634204
-0.9982731362042588	0.9999999999999998	0.13037606742939464	-0.8984492044788738	0.08166222201791484
-0.18714392072941907	0.13037606742939464	1.0	-0.08631119153771906	0.914419760003467
0.8950751886334107	-0.8984492044788738	-0.08631119153771906	0.9999999999999999	-0.04521104155003642
-0.13810455178634204	0.08166222201791484	0.914419760003467	-0.04521104155003642	1.0

