fitting info
============
χ²:		7.330813720800386
DoF:	45
χ²/DoF:	0.1629069715733419

parameters
==========
0	a	-2.481924983302796	±	0.20059038420265285
1	b	1027.7374902786007	±	83.55228646836535
2	A	0.4687284700189411	±	0.013329589522000964
3	c	0.0023327659109486777	±	4.6461726867895755e-07
4	s	3.528604164138373e-05	±	9.563905876642586e-07

covariance matrix
=================
0.040236502234567886	-16.72317029726903	-0.0011651851406189128	8.531380366991214e-08	-7.269641660142666e-08
-16.72317029726903	6980.984574091789	0.4190224218229206	-3.573756410148124e-05	2.5467150029577637e-05
-0.0011651851406189128	0.4190224218229206	0.0001776779568250379	-1.8631404021118467e-09	1.200762698408641e-08
8.531380366991214e-08	-3.573756410148124e-05	-1.8631404021118467e-09	2.1586920635469466e-13	-1.127904513623022e-13
-7.269641660142666e-08	2.5467150029577637e-05	1.200762698408641e-08	-1.127904513623022e-13	9.14682956172786e-13

correlation matrix
==================
1.0000000000000002	-0.9978153093313499	-0.43578075962177765	0.9154061957770209	-0.3789375128577485
-0.9978153093313499	1.0000000000000002	0.3762375586756951	-0.920600615150838	0.3187034129242161
-0.43578075962177765	0.3762375586756951	1.0	-0.30083853175614833	0.9419006986562966
0.9154061957770209	-0.920600615150838	-0.30083853175614833	1.0000000000000002	-0.2538292659552521
-0.3789375128577485	0.3187034129242161	0.9419006986562966	-0.2538292659552521	1.0000000000000002

