fitting info
============
χ²:		40.14200122227922
DoF:	45
χ²/DoF:	0.8920444716062049

parameters
==========
0	a	-4.527650871328855	±	0.17182997208864387
1	b	1648.1750191853741	±	62.23128572055039
2	A	0.7045556893056256	±	0.007711102927975965
3	c	0.0027745992285314017	±	2.1299895170128075e-07
4	s	3.0558284664462935e-05	±	3.846027284741602e-07

covariance matrix
=================
0.02952553930798413	-10.680504332638693	9.926646564862272e-05	3.155560739439041e-08	4.198913592784282e-09
-10.680504332638693	3872.732922432779	-0.0582905977455351	-1.1441134669914109e-05	-2.6284429592331964e-06
9.926646564862272e-05	-0.0582905977455351	5.94611083658395e-05	1.6842631543258034e-10	2.567530473556188e-09
3.155560739439041e-08	-1.1441134669914109e-05	1.6842631543258034e-10	4.536855342584453e-14	7.832720518361606e-15
4.198913592784282e-09	-2.6284429592331964e-06	2.567530473556188e-09	7.832720518361606e-15	1.4791925874976858e-13

correlation matrix
==================
1.0	-0.998812726250426	0.07491816639065697	0.8621843957222857	0.06353684668959866
-0.998812726250426	1.0000000000000002	-0.12147117569503406	-0.8631432086846613	-0.10981898413420903
0.07491816639065697	-0.12147117569503406	1.0	0.10254535237609062	0.8657385288745019
0.8621843957222857	-0.8631432086846613	0.10254535237609062	1.0	0.09561428983363898
0.06353684668959866	-0.10981898413420903	0.8657385288745019	0.09561428983363898	1.0

