fitting info
============
χ²:		11.949155710554063
DoF:	45
χ²/DoF:	0.2655367935678681

parameters
==========
0	a	-0.06613830173033207	±	0.11830654711366036
1	b	28.972677597729017	±	40.2273797953598
2	A	0.08566659597824855	±	0.0033852675937832374
3	c	0.00295582401209402	±	9.130307947382996e-07
4	s	2.078055435360845e-05	±	1.2790368009618328e-06

covariance matrix
=================
0.013996439089956738	-4.757602788113163	4.406186873393451e-05	6.675749675444901e-08	2.375222489898228e-08
-4.757602788113163	1618.2420852001221	-0.017212000465253258	-2.2746208914404475e-05	-9.134670954065273e-06
4.406186873393451e-05	-0.017212000465253258	1.1460036681518949e-05	2.7774721734931484e-10	1.2097528031755788e-09
6.675749675444901e-08	-2.2746208914404475e-05	2.7774721734931484e-10	8.336252321404511e-13	1.904056092799664e-13
2.375222489898228e-08	-9.134670954065273e-06	1.2097528031755788e-09	1.904056092799664e-13	1.635935138214679e-12

correlation matrix
==================
1.0	-0.9996722921443716	0.11001733717186866	0.6180247084071409	0.15696848878929703
-0.9996722921443716	1.0	-0.12639113082252115	-0.619301101102448	-0.17753669131197636
0.11001733717186866	-0.12639113082252115	0.9999999999999999	0.089861008235439	0.2793962629190476
0.6180247084071409	-0.619301101102448	0.089861008235439	1.0	0.1630464218349511
0.15696848878929703	-0.17753669131197636	0.2793962629190476	0.1630464218349511	0.9999999999999999

