fitting info
============
χ²:		3.5767878717799664
DoF:	46
χ²/DoF:	0.07775625808217318

parameters
==========
0	a	-1.557080074669224	±	0.25316466387941744
1	b	644.3808007348603	±	118.24761825430045
2	A	0.33024968311194286	±	0.0272715877181435
3	c	0.0020286604502601354	±	1.1554881271613412e-06
4	s	4.351599744046857e-05	±	2.8148907754901623e-06

covariance matrix
=================
0.06409234703717842	-29.78204993164596	-0.0035782613048169695	2.788517875405662e-07	-3.38168104238837e-07
-29.78204993164596	13982.499222814768	1.3842320762657574	-0.00013153267583356534	0.00012786105163315137
-0.0035782613048169695	1.3842320762657574	0.0007437394966683953	-1.1744093251515008e-08	7.516908187647717e-08
2.788517875405662e-07	-0.00013153267583356534	-1.1744093251515008e-08	1.3351528120108235e-12	-1.0851436700031448e-12
-3.38168104238837e-07	0.00012786105163315137	7.516908187647717e-08	-1.0851436700031448e-12	7.923610077939608e-12

correlation matrix
==================
1.0000000000000002	-0.9948534210241105	-0.5182729487893839	0.9532457060521988	-0.4745347347931278
-0.9948534210241105	0.9999999999999999	0.42924582926173827	-0.9626662937722178	0.3841353919557808
-0.5182729487893839	0.42924582926173827	1.0	-0.37268643089632536	0.9791906889419119
0.9532457060521988	-0.9626662937722178	-0.37268643089632536	0.9999999999999999	-0.3336262439806385
-0.4745347347931278	0.3841353919557808	0.9791906889419119	-0.3336262439806385	1.0000000000000002

