fitting info
============
χ²:		37.46302826259115
DoF:	45
χ²/DoF:	0.8325117391686923

parameters
==========
0	a	-4.437584887106857	±	0.17455603489967497
1	b	1592.9118051084024	±	63.53209567289276
2	A	0.6974154815961837	±	0.008174038667620774
3	c	0.002743474287243527	±	2.2287511400786852e-07
4	s	3.110486895153242e-05	±	4.0830411349935516e-07

covariance matrix
=================
0.030469809319896547	-11.0753951535308	-6.92912337601249e-05	3.404025421903662e-08	-3.6772052076205955e-09
-11.0753951535308	4036.3271805895984	-0.0005230389590967959	-1.2418166256359344e-05	6.546746037937162e-08
-6.92912337601249e-05	-0.0005230389590967959	6.681490813975961e-05	1.3772401809982369e-11	2.9723428607339934e-09
3.404025421903662e-08	-1.2418166256359344e-05	1.3772401809982369e-11	4.967331644402039e-14	2.1078548777067605e-15
-3.6772052076205955e-09	6.546746037937162e-08	2.9723428607339934e-09	2.1078548777067605e-15	1.667122491004943e-13

correlation matrix
==================
1.0	-0.9986911025366789	-0.04856313760009044	0.8749764180293721	-0.05159400518692601
-0.9986911025366789	0.9999999999999999	-0.0010071732204762842	-0.8770062944206947	0.00252376293322054
-0.04856313760009044	-0.0010071732204762842	1.0000000000000002	0.0075598193657440745	0.8905913258209002
0.8749764180293721	-0.8770062944206947	0.0075598193657440745	1.0	0.02316303020450274
-0.05159400518692601	0.00252376293322054	0.8905913258209002	0.02316303020450274	1.0

