fitting info
============
χ²:		16.559531870835468
DoF:	45
χ²/DoF:	0.36798959712967705

parameters
==========
0	a	-3.223513948569165	±	0.18121653682290148
1	b	1223.2166971152483	±	70.84818312930696
2	A	0.5724843753161851	±	0.0102035794728077
3	c	0.002529706872986861	±	3.1379597624629016e-07
4	s	3.303889309004535e-05	±	6.144407729242897e-07

covariance matrix
=================
0.03283943321808601	-12.815492558896363	-0.000393816398163556	5.0711134003635564e-08	-2.025578615920996e-08
-12.815492558896363	5019.465052723815	0.11203493688282559	-1.9897422661449252e-05	5.410890809474371e-06
-0.000393816398163556	0.11203493688282559	0.00010411303405790265	-3.6062020631390053e-10	5.734007278069686e-09
5.0711134003635564e-08	-1.9897422661449252e-05	-3.6062020631390053e-10	9.84679147083623e-14	-1.6968724141945415e-14
-2.025578615920996e-08	5.410890809474371e-06	5.734007278069686e-09	-1.6968724141945415e-14	3.7753746343179864e-13

correlation matrix
==================
1.0	-0.998179758666529	-0.21298225352665767	0.8917808158415457	-0.1819161474990806
-0.998179758666529	0.9999999999999998	0.15497876828814613	-0.8949952646412775	0.12429682228966586
-0.21298225352665767	0.15497876828814613	0.9999999999999999	-0.11262897601735476	0.9145883427976418
0.8917808158415457	-0.8949952646412775	-0.11262897601735476	1.0	-0.08800792716784163
-0.1819161474990806	0.12429682228966586	0.9145883427976418	-0.08800792716784163	1.0000000000000002

