fitting info
============
χ²:		5.316656899646721
DoF:	45
χ²/DoF:	0.11814793110326047

parameters
==========
0	a	-2.4986682228440746	±	0.19843734821532266
1	b	1004.2522033342719	±	84.84932548328324
2	A	0.4577573515101424	±	0.014798343830947008
3	c	0.0022969885572818524	±	5.07123439712247e-07
4	s	3.640745087128646e-05	±	1.0894232214739314e-06

covariance matrix
=================
0.039377381166729224	-16.786039767291157	-0.0007775891573827502	9.286941829111199e-08	-5.1517807640483295e-08
-16.786039767291157	7199.408034968138	0.23805578975672223	-3.992894276856483e-05	1.5122237912300495e-05
-0.0007775891573827502	0.23805578975672223	0.00021899098013892737	-1.1018104586214443e-09	1.5335676133134374e-08
9.286941829111199e-08	-3.992894276856483e-05	-1.1018104586214443e-09	2.5717418310558103e-13	-6.96851298363701e-14
-5.1517807640483295e-08	1.5122237912300495e-05	1.5335676133134374e-08	-6.96851298363701e-14	1.1868429554866388e-12

correlation matrix
==================
1.0000000000000002	-0.9969570266552171	-0.2647973702555762	0.9228595822891693	-0.23830729124325042
-0.9969570266552171	1.0	0.18959079187907382	-0.9279524707858163	0.1635953834330882
-0.2647973702555762	0.18959079187907382	1.0	-0.14681826659664618	0.9512467509872902
0.9228595822891693	-0.9279524707858163	-0.14681826659664618	1.0	-0.12613331237802566
-0.23830729124325042	0.1635953834330882	0.9512467509872902	-0.12613331237802566	1.0000000000000002

