fitting info
============
χ²:		3.6820070060511734
DoF:	45
χ²/DoF:	0.08182237791224829

parameters
==========
0	a	-1.8641324661118843	±	0.2075382549348556
1	b	796.8266225028602	±	92.89987356093097
2	A	0.394663909652765	±	0.01797605768427209
3	c	0.0021819276518996143	±	6.714617729258432e-07
4	s	3.8304723668204406e-05	±	1.5334891408083257e-06

covariance matrix
=================
0.043072127261405115	-19.202971851707662	-0.001122957023909975	1.3011641922211659e-07	-8.67052433473302e-08
-19.202971851707662	8630.38650763696	0.3591531218366017	-5.8623952534269496e-05	2.661780273027575e-05
-0.001122957023909975	0.3591531218366017	0.00032313864986827773	-2.127120323117378e-09	2.656978537661377e-08
1.3011641922211659e-07	-5.8623952534269496e-05	-2.127120323117378e-09	4.508609125007166e-13	-1.5745730381554652e-13
-8.67052433473302e-08	2.661780273027575e-05	2.656978537661377e-08	-1.5745730381554652e-13	2.351588944977057e-12

correlation matrix
==================
1.0000000000000002	-0.9959904212880081	-0.3010027907610144	0.9337113747658018	-0.2724372550235157
-0.9959904212880081	0.9999999999999998	0.21506516411730217	-0.9398070103973482	0.18684280314685978
-0.3010027907610144	0.21506516411730217	1.0000000000000002	-0.17622856753978447	0.9638576271155495
0.9337113747658018	-0.9398070103973482	-0.17622856753978447	1.0	-0.1529187758939799
-0.2724372550235157	0.18684280314685978	0.9638576271155495	-0.1529187758939799	1.0000000000000002

