fitting info
============
χ²:		13.171959420206584
DoF:	45
χ²/DoF:	0.2927102093379241

parameters
==========
0	a	-2.869744834179746	±	0.17518839297430092
1	b	1157.56888677776	±	72.45153332599612
2	A	0.5101795842460906	±	0.010812390534417037
3	c	0.0024268108570402462	±	3.662848946080734e-07
4	s	3.360094399874904e-05	±	7.291522816894959e-07

covariance matrix
=================
0.030690973032918085	-12.664613694079126	4.302442487127226e-05	5.771750158139208e-08	1.9220586512340313e-09
-12.664613694079126	5249.2246812879275	-0.06882548907827801	-2.391769950094739e-05	-4.195867085255192e-06
4.302442487127226e-05	-0.06882548907827801	0.00011690778906875115	3.0079980380913893e-10	7.2734291583240685e-09
5.771750158139208e-08	-2.391769950094739e-05	3.0079980380913893e-10	1.3416462401804745e-13	1.8694325506568625e-14
1.9220586512340313e-09	-4.195867085255192e-06	7.2734291583240685e-09	1.8694325506568625e-14	5.31663049892998e-13

correlation matrix
==================
0.9999999999999999	-0.9977897477104807	0.02271370710083308	0.8994627570298531	0.015046762566822023
-0.9977897477104807	1.0000000000000002	-0.08785773472312328	-0.9012656417593842	-0.07942475834520582
0.02271370710083308	-0.08785773472312328	1.0000000000000002	0.07595158056557423	0.9225698348926125
0.8994627570298531	-0.9012656417593842	0.07595158056557423	1.0000000000000002	0.06999589198191725
0.015046762566822023	-0.07942475834520582	0.9225698348926125	0.06999589198191725	1.0

