fitting info
============
χ²:		23.127430760520678
DoF:	45
χ²/DoF:	0.5139429057893484

parameters
==========
0	a	-3.9253922278608653	±	0.1722832044871609
1	b	1477.3839934179475	±	64.82467961574498
2	A	0.6394880913741218	±	0.0081853594818643
3	c	0.002647600203200997	±	2.4934317569275194e-07
4	s	3.180720086759421e-05	±	4.3955851020951555e-07

covariance matrix
=================
0.029681502548364897	-11.153506113967904	-0.00014937348390236377	3.749398721515457e-08	-5.305913117293275e-09
-11.153506113967904	4202.239087283982	0.03000016098411901	-1.4178717859863137e-05	6.039162098192244e-07
-0.00014937348390236377	0.03000016098411901	6.70001098473458e-05	2.2620386957514988e-11	3.143759186248636e-09
3.749398721515457e-08	-1.4178717859863137e-05	2.2620386957514988e-11	6.217201926454657e-14	4.7672791487793046e-15
-5.305913117293275e-09	6.039162098192244e-07	3.143759186248636e-09	4.7672791487793046e-15	1.932116838976088e-13

correlation matrix
==================
1.0000000000000002	-0.998683994248371	-0.10592361933727987	0.8728129864296484	-0.07006489901738377
-0.998683994248371	0.9999999999999998	0.056538651872514674	-0.8772009536733801	0.02119432623459228
-0.10592361933727987	0.056538651872514674	1.0	0.011083190196146554	0.8737653559396741
0.8728129864296484	-0.8772009536733801	0.011083190196146554	1.0000000000000002	0.04349670945546118
-0.07006489901738377	0.02119432623459228	0.8737653559396741	0.04349670945546118	1.0

