fitting info
============
χ²:		65.03272840277393
DoF:	45
χ²/DoF:	1.445171742283865

parameters
==========
0	a	-6.502221444267946	±	0.19148076877370881
1	b	2303.8390495963954	±	67.45342464268073
2	A	0.747325212352715	±	0.009065837433923066
3	c	0.002857198242231455	±	2.2406080943849133e-07
4	s	3.199899200791128e-05	±	4.2080537297422533e-07

covariance matrix
=================
0.036664884810170544	-12.899276678416726	0.00017403875428544864	3.790863128235082e-08	7.163503773793789e-09
-12.899276678416726	4549.964496025808	-0.09135907436545664	-1.3369037270417674e-05	-3.905124737317064e-06
0.00017403875428544864	-0.09135907436545664	8.218940837832075e-05	2.611410466763532e-10	3.424864221222995e-09
3.790863128235082e-08	-1.3369037270417674e-05	2.611410466763532e-10	5.0203246326231925e-14	1.1372922864242599e-14
7.163503773793789e-09	-3.905124737317064e-06	3.424864221222995e-09	1.1372922864242599e-14	1.7707716192397691e-13

correlation matrix
==================
1.0	-0.9987026258143109	0.10025657788011225	0.8835823686077645	0.08890354019007453
-0.9987026258143109	1.0	-0.14939627177461995	-0.8845659738150955	-0.13757820230675763
0.10025657788011225	-0.14939627177461995	0.9999999999999999	0.12855865282046164	0.8977473979415288
0.8835823686077645	-0.8845659738150955	0.12855865282046164	1.0	0.12062155326085776
0.08890354019007453	-0.13757820230675763	0.8977473979415288	0.12062155326085776	1.0000000000000002

