fitting info
============
χ²:		24.333075839301124
DoF:	44
χ²/DoF:	0.5530244508932074

parameters
==========
0	a	-3.578610720101102	±	0.19572014716871772
1	b	1352.7126464996793	±	75.18734211505866
2	A	0.5957158369327166	±	0.01080951859045872
3	c	0.002565399808005376	±	3.0805933017156824e-07
4	s	3.274113379297777e-05	±	6.095340004170552e-07

covariance matrix
=================
0.03830637600774452	-14.690644245141494	-0.0005825540078010824	5.4016641456950334e-08	-2.7999438220431982e-08
-14.690644245141494	5653.136414326874	0.1788138050408475	-2.083469924506882e-05	8.22698831569084e-06
-0.0005825540078010824	0.1788138050408475	0.00011684569215747269	-5.427186832165563e-10	6.055638623795499e-09
5.4016641456950334e-08	-2.083469924506882e-05	-5.427186832165563e-10	9.49005509057553e-14	-2.445165373219564e-14
-2.7999438220431982e-08	8.22698831569084e-06	6.055638623795499e-09	-2.445165373219564e-14	3.715316976644187e-13

correlation matrix
==================
1.0	-0.9982988606155881	-0.2753558502523576	0.8958961649935838	-0.23470149074657395
-0.9982988606155881	1.0000000000000002	0.220013818854577	-0.8995144330990748	0.1795139535536689
-0.2753558502523576	0.220013818854577	1.0	-0.16297990224416742	0.919084964671309
0.8958961649935838	-0.8995144330990748	-0.16297990224416742	1.0000000000000002	-0.1302194732311003
-0.23470149074657395	0.1795139535536689	0.919084964671309	-0.1302194732311003	1.0

