fitting info
============
χ²:		7.333868016025412
DoF:	44
χ²/DoF:	0.1666788185460321

parameters
==========
0	a	-2.5939985170135675	±	0.22237108652418067
1	b	1039.9152458116712	±	92.24907764683275
2	A	0.4754576451502704	±	0.015386315078405221
3	c	0.0023364383004040833	±	4.990070488611518e-07
4	s	3.581000930881183e-05	±	1.0604116077337145e-06

covariance matrix
=================
0.04944890012194464	-20.466321641368335	-0.0015597735920808385	1.0265505917874346e-07	-9.430217447572644e-08
-20.466321641368335	8509.892326691377	0.5608773960807841	-4.2837978996558717e-05	3.310208760260753e-05
-0.0015597735920808385	0.5608773960807841	0.00023673869169195985	-2.4688585470487817e-09	1.553606858289078e-08
1.0265505917874346e-07	-4.2837978996558717e-05	-2.4688585470487817e-09	2.490080348131159e-13	-1.4531472473135832e-13
-9.430217447572644e-08	3.310208760260753e-05	1.553606858289078e-08	-1.4531472473135832e-13	1.124472777816401e-12

correlation matrix
==================
0.9999999999999999	-0.9976987875186897	-0.4558779886867228	0.9251142255926655	-0.39991612525577075
-0.9976987875186897	1.0	0.39515845950762746	-0.9305940267908387	0.3383910578348371
-0.4558779886867228	0.39515845950762746	1.0	-0.3215547325442439	0.9522084586168684
0.9251142255926655	-0.9305940267908387	-0.3215547325442439	1.0	-0.2746176649633086
-0.39991612525577075	0.3383910578348371	0.9522084586168684	-0.2746176649633086	1.0

