fitting info
============
χ²:		49.529886427301875
DoF:	45
χ²/DoF:	1.1006641428289305

parameters
==========
0	a	-4.70091397680088	±	0.17989989577116905
1	b	1676.6835080546525	±	64.14258274024434
2	A	0.7191656892988972	±	0.008235166283660124
3	c	0.0027769060445875238	±	2.1637614141680513e-07
4	s	3.1097128553992054e-05	±	4.003184279972222e-07

covariance matrix
=================
0.032363972498477486	-11.525250383003346	-0.00033426040229923414	3.371522001408788e-08	-1.3367371302797966e-08
-11.525250383003346	4114.2709205890915	0.09460628277823227	-1.2055664022461703e-05	3.572858984828641e-06
-0.00033426040229923414	0.09460628277823227	6.78179637195325e-05	-2.2691967263269644e-10	2.8996024140252184e-09
3.371522001408788e-08	-1.2055664022461703e-05	-2.2691967263269644e-10	4.681863457442525e-14	-8.14291936382661e-15
-1.3367371302797966e-08	3.572858984828641e-06	2.8996024140252184e-09	-8.14291936382661e-15	1.602548437941672e-13

correlation matrix
==================
1.0	-0.9987873064715953	-0.22562210511157954	0.866135251203238	-0.1856134816934382
-0.9987873064715953	1.0000000000000002	0.17910229992633367	-0.8686309933952499	0.13914379687034387
-0.22562210511157954	0.17910229992633367	1.0000000000000002	-0.127347494154048	0.8795499276669898
0.866135251203238	-0.8686309933952499	-0.127347494154048	1.0	-0.09400807932283306
-0.1856134816934382	0.13914379687034387	0.8795499276669898	-0.09400807932283306	1.0000000000000002

