fitting info
============
χ²:		6.392674382109061
DoF:	46
χ²/DoF:	0.1389711822197622

parameters
==========
0	a	-1.452200099364881	±	0.22700951755120397
1	b	595.0323167485767	±	104.71397979996102
2	A	0.3481269473282231	±	0.022404315178806936
3	c	0.0020767890400617897	±	9.28929871782325e-07
4	s	4.137733951064087e-05	±	2.193301358708246e-06

covariance matrix
=================
0.05153332105883038	-23.660790486659167	-0.002316903777279138	1.9933574727356106e-07	-2.0621021964531755e-07
-23.660790486659167	10965.017565546646	0.8637933526294355	-9.275225638997191e-05	7.488621915475457e-05
-0.002316903777279138	0.8637933526294355	0.0005019533386313189	-6.520066328835352e-09	4.782564340737376e-08
1.9933574727356106e-07	-9.275225638997191e-05	-6.520066328835352e-09	8.629107066895267e-13	-5.654562537339856e-13
-2.0621021964531755e-07	7.488621915475457e-05	4.782564340737376e-08	-5.654562537339856e-13	4.810570850111439e-12

correlation matrix
==================
1.0	-0.9953607663250774	-0.45554602170856373	0.9452750477748534	-0.4141596752765489
-0.9953607663250774	1.0000000000000002	0.3681912964278015	-0.9535355492910687	0.3260610561975091
-0.45554602170856373	0.3681912964278015	1.0000000000000002	-0.31328342019516764	0.9732644046067607
0.9452750477748534	-0.9535355492910687	-0.31328342019516764	1.0	-0.27753500972777423
-0.4141596752765489	0.3260610561975091	0.9732644046067607	-0.27753500972777423	1.0000000000000002

