fitting info
============
χ²:		8.553975072524977
DoF:	45
χ²/DoF:	0.1900883349449995

parameters
==========
0	a	-2.1910204499206927	±	0.22699625654488975
1	b	898.9575893096342	±	96.84493384216806
2	A	0.43752566152961525	±	0.017020320493714266
3	c	0.002254551751512627	±	6.013564113928658e-07
4	s	3.7547237282809664e-05	±	1.2904806625335203e-06

covariance matrix
=================
0.0515273004853934	-21.928301877883627	-0.0020067926921446726	1.2739534228989256e-07	-1.3476200313634852e-07
-21.928301877883627	9378.941210893909	0.7552824505649846	-5.470501947601824e-05	4.967985338249946e-05
-0.0020067926921446726	0.7552824505649846	0.0002896913097087498	-3.916948499535518e-09	2.105813975701104e-08
1.2739534228989256e-07	-5.470501947601824e-05	-3.916948499535518e-09	3.6162953352330566e-13	-2.575057975865013e-13
-1.3476200313634852e-07	4.967985338249946e-05	2.105813975701104e-08	-2.575057975865013e-13	1.6653403403729534e-12

correlation matrix
==================
0.9999999999999999	-0.9974919495753255	-0.519416907301383	0.9332605524907934	-0.4600417655065012
-0.9974919495753255	1.0	0.45821020075030894	-0.9393302848190658	0.3975135138462973
-0.519416907301383	0.45821020075030894	1.0	-0.3826909413847945	0.9587398272417205
0.9332605524907934	-0.9393302848190658	-0.3826909413847945	1.0000000000000002	-0.3318207683507956
-0.4600417655065012	0.3975135138462973	0.9587398272417205	-0.3318207683507956	0.9999999999999999

