fitting info
============
χ²:		31.092924799870538
DoF:	45
χ²/DoF:	0.6909538844415675

parameters
==========
0	a	-4.236348717125923	±	0.17181284965739957
1	b	1549.3887026546759	±	63.00632125715184
2	A	0.6693815263204962	±	0.008448212294012249
3	c	0.0027075483884437166	±	2.350613016475956e-07
4	s	3.133671700814965e-05	±	4.4336108745134457e-07

covariance matrix
=================
0.02951965530739619	-10.809639464737833	-0.0002276924535021302	3.5659488038234067e-08	-1.0305243348580643e-08
-10.809639464737833	3969.7965183594238	0.056005711069921915	-1.3097811124226606e-05	2.347262148116245e-06
-0.0002276924535021302	0.056005711069921915	7.13722909646997e-05	-1.948695799171178e-10	3.3263745750781162e-09
3.5659488038234067e-08	-1.3097811124226606e-05	-1.948695799171178e-10	5.525381553226193e-14	-7.128151821453738e-15
-1.0305243348580643e-08	2.347262148116245e-06	3.3263745750781162e-09	-7.128151821453738e-15	1.9656905386603882e-13

correlation matrix
==================
1.0000000000000002	-0.9985537450930513	-0.15686576694680876	0.8829545034539242	-0.13528356428998564
-0.9985537450930513	1.0	0.10521638435414356	-0.8843689037149363	0.08402720125937933
-0.15686576694680876	0.10521638435414356	1.0	-0.09812916278588017	0.8880731916921077
0.8829545034539242	-0.8843689037149363	-0.09812916278588017	1.0000000000000002	-0.0683971854334878
-0.13528356428998564	0.08402720125937933	0.8880731916921077	-0.0683971854334878	1.0

