fitting info
============
χ²:		14.830442689939574
DoF:	45
χ²/DoF:	0.3295653931097683

parameters
==========
0	a	-3.2251269987249813	±	0.19210501091489338
1	b	1251.0050092482106	±	75.66049063566811
2	A	0.5562173467848472	±	0.011353506715725551
3	c	0.0024911935297696067	±	3.4810412696094494e-07
4	s	3.391208477161509e-05	±	6.961878030844617e-07

covariance matrix
=================
0.0369043352186113	-14.507332988614392	-0.0007204783988295107	6.030893933829489e-08	-3.796635339220795e-08
-14.507332988614392	5724.509843230023	0.23437923003882205	-2.3859694847033474e-05	1.1921584634077391e-05
-0.0007204783988295107	0.23437923003882205	0.0001289021147440252	-8.290269517935122e-10	7.326817192020909e-09
6.030893933829489e-08	-2.3859694847033474e-05	-8.290269517935122e-10	1.211764832072417e-13	-4.177881290377585e-14
-3.796635339220795e-08	1.1921584634077391e-05	7.326817192020909e-09	-4.177881290377585e-14	4.846774571635692e-13

correlation matrix
==================
0.9999999999999998	-0.998113048172252	-0.33033321943268734	0.9018489940225564	-0.28387933698146256
-0.998113048172252	1.0000000000000002	0.27284748111604024	-0.9059131412757112	0.22632807139221942
-0.33033321943268734	0.27284748111604024	1.0	-0.20976327572459705	0.9269555824277487
0.9018489940225564	-0.9059131412757112	-0.20976327572459705	1.0000000000000002	-0.17239335170421208
-0.28387933698146256	0.22632807139221942	0.9269555824277487	-0.17239335170421208	1.0

