fitting info
============
χ²:		13.95244976408132
DoF:	95
χ²/DoF:	0.1468678922534876

parameters
==========
0	a	0.06199551071519258	±	0.2531890745708103
1	b	-21.119321093979437	±	33.666103839606414
2	A	0.5434585828288055	±	1.3863264039832877
3	c	0.007003598007721475	±	0.00029974231255358233
4	s	0.00010665414922727985	±	8.366456458527803e-05

covariance matrix
=================
0.06410470748202333	-8.523406619653079	-0.2086969104978362	4.6785350919436196e-05	-1.4011737291418023e-05
-8.523406619653079	1133.4065477391616	27.60421864410641	-0.00618840069809911	0.001853715628887147
-0.2086969104978362	27.60421864410641	1.9219008983812336	-0.0004146863457534428	0.00011468833990087604
4.6785350919436196e-05	-0.00618840069809911	-0.0004146863457534428	8.984545393496944e-08	-2.4978916335781798e-08
-1.4011737291418023e-05	0.001853715628887147	0.00011468833990087604	-2.4978916335781798e-08	6.999759367244158e-09

correlation matrix
==================
1.0	-0.9999433291701254	-0.5945735201676552	0.6164769972248287	-0.6614628678299943
-0.9999433291701254	0.9999999999999998	0.5914487321148363	-0.613249939725283	0.6581254685265142
-0.5945735201676552	0.5914487321148363	0.9999999999999999	-0.9979440363675014	0.9888085575736577
0.6164769972248287	-0.613249939725283	-0.9979440363675014	1.0	-0.9960565244121602
-0.6614628678299943	0.6581254685265142	0.9888085575736577	-0.9960565244121602	1.0

