fitting info
============
χ²:		30.307940150629083
DoF:	95
χ²/DoF:	0.31903094895399037

parameters
==========
0	a	3.068535791526423	±	1.040219418541206
1	b	-691.0395929697945	±	177.31770208813006
2	A	2.809179669468554	±	0.43567573331377324
3	c	0.006888696641980436	±	6.733573155930983e-06
4	s	0.0002983435021502851	±	2.6732494839693653e-05

covariance matrix
=================
1.0820564387102045	-172.92732021941063	0.10924741015464223	6.599741172919598e-06	6.115675640079846e-06
-172.92732021941063	31441.56747381485	-43.54199763674317	-0.001189510643699506	-0.0025843087203210125
0.10924741015464223	-43.54199763674317	0.18981334459849405	1.589950380126882e-06	1.1628928292579567e-05
6.599741172919598e-06	-0.001189510643699506	1.589950380126882e-06	4.534100744627434e-11	9.438787136746226e-11
6.115675640079846e-06	-0.0025843087203210125	1.1628928292579567e-05	9.438787136746226e-11	7.146262803542479e-10

correlation matrix
==================
1.0	-0.9375329931632818	0.2410587069236981	0.9422287772684927	0.21992773169949018
-0.9375329931632818	1.0000000000000002	-0.5636284212651994	-0.9962553236101531	-0.5451961833144119
0.2410587069236981	-0.5636284212651994	1.0	0.5419692135226085	0.9984741599689166
0.9422287772684927	-0.9962553236101531	0.5419692135226085	1.0000000000000002	0.5243618868272306
0.21992773169949018	-0.5451961833144119	0.9984741599689166	0.5243618868272306	1.0000000000000002

