fitting info
============
χ²:		19.360533311737477
DoF:	95
χ²/DoF:	0.20379508749197345

parameters
==========
0	a	1.0669480250599745	±	0.02740261458209753
1	b	-475.2187209764342	±	5.660256563335363
2	A	1.8478662761419402	±	0.028644129328796217
3	c	0.004864657990469077	±	8.657936979064634e-07
4	s	0.00028471227250648527	±	3.1404249454042975e-06

covariance matrix
=================
0.0007509032859349842	-0.06959551288944404	-0.00040627463093406246	4.071710649897371e-09	-3.919111545055526e-08
-0.06959551288944404	32.03850436278105	-0.0853169779289257	-1.6392395613517804e-06	-7.798617840154391e-06
-0.00040627463093406246	-0.0853169779289257	0.0008204861450048037	3.4865290826261665e-09	7.2635378036426e-08
4.071710649897371e-09	-1.6392395613517804e-06	3.4865290826261665e-09	7.495987273345483e-13	8.324261169976619e-13
-3.919111545055526e-08	-7.798617840154391e-06	7.2635378036426e-08	8.324261169976619e-13	9.862268837717586e-12

correlation matrix
==================
1.0	-0.4486969530404122	-0.5175973881312461	0.17162102255510964	-0.4554148665709612
-0.4486969530404122	0.9999999999999998	-0.5262156022448519	-0.33449674002595414	-0.43872572819736594
-0.5175973881312461	-0.5262156022448519	1.0000000000000002	0.14058637926118062	0.8074658369576747
0.17162102255510964	-0.33449674002595414	0.14058637926118062	0.9999999999999999	0.30615605903553594
-0.4554148665709612	-0.43872572819736594	0.8074658369576747	0.30615605903553594	1.0000000000000002

