fitting info
============
χ²:		22.09034947286775
DoF:	96
χ²/DoF:	0.23010780700903907

parameters
==========
0	a	0.46512695278208854	±	0.7946825871013314
1	b	-333.51314868238734	±	152.73492891939947
2	A	2.3604925938767325	±	0.37637646468930575
3	c	0.005857522492740529	±	6.737714276023529e-06
4	s	0.00029334772321967654	±	2.7401600042232746e-05

covariance matrix
=================
0.6315204142420652	-110.00061007890685	0.01304821562860562	4.892675459379034e-06	5.610789143033635e-07
-110.00061007890685	23327.958512014007	-26.546663889363842	-0.0010244571222514838	-0.001863991188004304
0.01304821562860562	-26.546663889363842	0.1416592431720202	1.1039942302656005e-06	1.0296060492983479e-05
4.892675459379034e-06	-0.0010244571222514838	1.1039942302656005e-06	4.539679366533127e-11	7.756332125742626e-11
5.610789143033635e-07	-0.001863991188004304	1.0296060492983479e-05	7.756332125742626e-11	7.508476848744896e-10

correlation matrix
==================
1.0	-0.9062813224914913	0.04362495273833527	0.9137767886486418	0.025766434615245644
-0.9062813224914913	1.0	-0.46179489271274354	-0.9955035863178479	-0.4453788245682934
0.04362495273833527	-0.46179489271274354	0.9999999999999998	0.4353431897591492	0.9983267403537041
0.9137767886486418	-0.9955035863178479	0.4353431897591492	1.0	0.4201147060405516
0.025766434615245644	-0.4453788245682934	0.9983267403537041	0.4201147060405516	0.9999999999999999

