fitting info
============
χ²:		17.955957818132095
DoF:	45
χ²/DoF:	0.39902128484737986

parameters
==========
0	a	-0.5433258615983295	±	1.0128016028048183
1	b	151.96894598854118	±	372.8009840483457
2	A	1.560948821417662	±	0.11933820269388352
3	c	0.0026836276104575878	±	9.029086396135576e-07
4	s	4.9525917367250046e-05	±	2.6706009938629864e-06

covariance matrix
=================
1.0257670866440092	-374.8220176771351	-0.019420752842316407	8.874765598075123e-07	-4.3032035003851793e-07
-374.8220176771351	138980.5737074149	1.8092148553488896	-0.0003290741367410753	3.951089427678437e-05
-0.019420752842316407	1.8092148553488896	0.01424160662220643	-4.2670475255298564e-09	3.1567777098022336e-07
8.874765598075123e-07	-0.0003290741367410753	-4.2670475255298564e-09	8.152440114888052e-13	-9.318238818013303e-14
-4.3032035003851793e-07	3.951089427678437e-05	3.1567777098022336e-07	-9.318238818013303e-14	7.1321096684219716e-12

correlation matrix
==================
1.0000000000000002	-0.9927128970281471	-0.16068013519465618	0.9704847214698252	-0.1590957206949814
-0.9927128970281471	1.0	0.04066620093316057	-0.9776263350778225	0.03968540375545393
-0.16068013519465618	0.04066620093316057	1.0	-0.03960081997283957	0.9905023317067604
0.9704847214698252	-0.9776263350778225	-0.03960081997283957	1.0	-0.038643906431951
-0.1590957206949814	0.03968540375545393	0.9905023317067604	-0.038643906431951	1.0000000000000002

