fitting info
============
χ²:		5.449531053957866
DoF:	45
χ²/DoF:	0.12110069008795257

parameters
==========
0	a	-3.959029583360946	±	1.0665905822158255
1	b	1257.456403775923	±	331.496223960285
2	A	1.0511788643231201	±	0.08105736889204783
3	c	0.003099875210508388	±	1.0213049864523382e-06
4	s	4.4438164345964514e-05	±	2.592690381737003e-06

covariance matrix
=================
1.1376154700714936	-352.68491228544974	-0.043376281605853786	1.0488125119675714e-06	-1.2715476594497406e-06
-352.68491228544974	109889.74649992744	11.80712184042108	-0.0003278408265964866	0.00034082462143201055
-0.043376281605853786	11.80712184042108	0.006570297051701523	-3.1916322590930004e-08	2.0664038793753255e-07
1.0488125119675714e-06	-0.0003278408265964866	-3.1916322590930004e-08	1.0430638753524107e-12	-9.213846464765774e-13
-1.2715476594497406e-06	0.00034082462143201055	2.0664038793753255e-07	-9.213846464765774e-13	6.722043415551566e-12

correlation matrix
==================
1.0	-0.9974945941387823	-0.5017207613314095	0.9628190239568994	-0.4598161720300974
-0.9974945941387823	0.9999999999999999	0.4394130558787286	-0.9683425106147232	0.39655343730551623
-0.5017207613314095	0.4394130558787286	1.0	-0.3855359591601263	0.9832683258948153
0.9628190239568994	-0.9683425106147232	-0.3855359591601263	1.0	-0.3479644387517437
-0.4598161720300974	0.39655343730551623	0.9832683258948153	-0.3479644387517437	1.0

