fitting info
============
χ²:		3.7239876334822055
DoF:	45
χ²/DoF:	0.08275528074404902

parameters
==========
0	a	-3.994239209045332	±	1.3955901161308863
1	b	1131.3593514964366	±	396.1218047979881
2	A	0.8628300171449895	±	0.11475187545203887
3	c	0.0033824247015427065	±	1.656065348078455e-06
4	s	4.864488384564621e-05	±	4.579571612824056e-06

covariance matrix
=================
1.9476717722422208	-551.2415486154191	-0.08176138194016745	2.2469664046574783e-06	-3.0401410847842465e-06
-551.2415486154191	156912.4842364154	20.189052955268046	-0.0006415189896468613	0.0007407594223318468
-0.08176138194016745	20.189052955268046	0.01316799291976024	-7.590248024981373e-08	5.199227083757616e-07
2.2469664046574783e-06	-0.0006415189896468613	-7.590248024981373e-08	2.742552437106214e-12	-2.7866103307590747e-12
-3.0401410847842465e-06	0.0007407594223318468	5.199227083757616e-07	-2.7866103307590747e-12	2.097247615698392e-11

correlation matrix
==================
1.0	-0.9971380984307903	-0.5105409076633757	0.9722125526790075	-0.47567573600829327
-0.9971380984307903	1.0	0.44414768816131267	-0.9779199305951247	0.40834155715427983
-0.5105409076633757	0.44414768816131267	1.0	-0.39940978962606377	0.9893595253921474
0.9722125526790075	-0.9779199305951247	-0.39940978962606377	1.0	-0.3674294123453721
-0.47567573600829327	0.40834155715427983	0.9893595253921474	-0.3674294123453721	1.0

