fitting info
============
χ²:		4.968900168508986
DoF:	45
χ²/DoF:	0.11042000374464413

parameters
==========
0	a	1.9105116836421447	±	0.7479991458529087
1	b	-570.230280019271	±	266.35260614824784
2	A	1.0312348571602612	±	0.060331303857293316
3	c	0.00282461365761866	±	8.00162039150064e-07
4	s	4.1503744655545714e-05	±	1.9736725231315787e-06

covariance matrix
=================
0.5595027221966811	-198.53284143443796	0.001308946298139114	5.7040383336362e-07	2.6316449623190597e-08
-198.53284143443796	70943.71080196362	-1.8040833522189512	-0.0002036261717661285	-5.277868104423693e-05
0.001308946298139114	-1.8040833522189512	0.0036398662251210553	4.627148140770581e-09	1.1625548581210539e-07
5.7040383336362e-07	-0.0002036261717661285	4.627148140770581e-09	6.402592888967886e-13	1.3564377868888992e-13
2.6316449623190597e-08	-5.277868104423693e-05	1.1625548581210539e-07	1.3564377868888992e-13	3.895383228564573e-12

correlation matrix
==================
1.0000000000000002	-0.9964931229079437	0.029005343701284388	0.9530230168571869	0.01782588501644881
-0.9964931229079437	0.9999999999999998	-0.11226824589388966	-0.9554296220230699	-0.10039832962189056
0.029005343701284388	-0.11226824589388966	1.0	0.09585013937309969	0.9763277853071385
0.9530230168571869	-0.9554296220230699	0.09585013937309969	1.0000000000000002	0.08589083812030562
0.01782588501644881	-0.10039832962189056	0.9763277853071385	0.08589083812030562	1.0000000000000002

