fitting info
============
χ²:		4.4045284675531216
DoF:	45
χ²/DoF:	0.09787841039006936

parameters
==========
0	a	6.640807799987558	±	0.03852257177139449
1	b	-2571.548551722159	±	16.457966937961096
2	A	1.168181949365068	±	0.04002232656921185
3	c	0.002354957504308719	±	4.0006728806974725e-07
4	s	6.275344574518772e-05	±	1.546876419861918e-06

covariance matrix
=================
0.0014839885358822395	-0.28498632935119994	-0.0007960202891043916	1.6750589589479821e-09	-2.8387561043643288e-08
-0.28498632935119994	270.8646757310205	-0.34678244596515484	-9.551810886708355e-07	-1.1896649392372666e-05
-0.0007960202891043916	-0.34678244596515484	0.0016017866240126408	2.6030269974136084e-10	5.3352328992360526e-08
1.6750589589479821e-09	-9.551810886708355e-07	2.6030269974136084e-10	1.6005383498348214e-13	1.3729713586843273e-13
-2.8387561043643288e-08	-1.1896649392372666e-05	5.3352328992360526e-08	1.3729713586843273e-13	2.3928266583248245e-12

correlation matrix
==================
1.0	-0.44950297363952135	-0.5163052402324436	0.10868804642440522	-0.47638402436560207
-0.44950297363952135	0.9999999999999998	-0.5264760126409748	-0.1450696247244153	-0.46729685466451226
-0.5163052402324436	-0.5264760126409748	1.0000000000000002	0.016257108297450047	0.8617780573572872
0.10868804642440522	-0.1450696247244153	0.016257108297450047	1.0	0.22185683652921523
-0.47638402436560207	-0.46729685466451226	0.8617780573572872	0.22185683652921523	1.0

