fitting info
============
χ²:		194.08785889907946
DoF:	195
χ²/DoF:	0.9953223533286126

parameters
==========
0	a	-0.052971583562694234	±	0.02152158658235339
1	b	-148.33931741835548	±	9.516537876137363
2	A	1.095063137821959	±	0.005932901014734379
3	c	0.0020853131130784347	±	3.6607533252583177e-07
4	s	0.00013823303285320765	±	7.401057983637528e-07

covariance matrix
=================
0.0004631786890217335	-0.1957368285352448	-5.078129476727678e-05	6.836818491169416e-09	-6.061602934572329e-09
-0.1957368285352448	90.56449314795704	0.006486080895395907	-3.173001217911803e-06	7.066631047991897e-07
-5.078129476727678e-05	0.006486080895395907	3.519931445063622e-05	-2.0692179858001823e-10	4.094813414571245e-09
6.836818491169416e-09	-3.173001217911803e-06	-2.0692179858001823e-10	1.340111490838983e-13	-2.278697529260069e-14
-6.061602934572329e-09	7.066631047991897e-07	4.094813414571245e-09	-2.278697529260069e-14	5.477565927716478e-13

correlation matrix
==================
1.0000000000000002	-0.955694930437922	-0.3977062194766438	0.8677793273754587	-0.38055671819324394
-0.955694930437922	1.0	0.1148778444488415	-0.9107953250846658	0.10033203709328566
-0.3977062194766438	0.1148778444488415	1.0	-0.09527274461839692	0.9325523226209756
0.8677793273754587	-0.9107953250846658	-0.09527274461839692	0.9999999999999998	-0.08410511504039686
-0.38055671819324394	0.10033203709328566	0.9325523226209756	-0.08410511504039686	0.9999999999999998

