fitting info
============
χ²:		97.9860336279348
DoF:	196
χ²/DoF:	0.49992874299966733

parameters
==========
0	a	-0.2692335726738157	±	0.014224706370434216
1	b	-132.48904852120396	±	10.196766761285428
2	A	0.8697071894108658	±	0.007067491408768193
3	c	0.001235452014737921	±	5.177336076912259e-07
4	s	0.00014528624323800393	±	1.106871972162239e-06

covariance matrix
=================
0.00020234227132507178	-0.12310827336337199	-4.642382107602657e-05	5.827666199410576e-09	-7.331448393100172e-09
-0.12310827336337199	103.97405238405533	-0.005143043840416617	-4.878338946210882e-06	-6.717906999263881e-07
-4.642382107602657e-05	-0.005143043840416617	4.994943481301223e-05	1.9266197229414296e-10	7.4385343520833504e-09
5.827666199410576e-09	-4.878338946210882e-06	1.9266197229414296e-10	2.6804808853297214e-13	2.4720266823568867e-14
-7.331448393100172e-09	-6.717906999263881e-07	7.4385343520833504e-09	2.4720266823568867e-14	1.225165562758324e-12

correlation matrix
==================
1.0	-0.8487532385497567	-0.46177698530477707	0.791306986897266	-0.4656387138471574
-0.8487532385497567	1.0000000000000002	-0.0713661801089074	-0.9240662932865786	-0.05952153344074845
-0.46177698530477707	-0.0713661801089074	1.0000000000000002	0.05265314965700431	0.9508777673922855
0.791306986897266	-0.9240662932865786	0.05265314965700431	0.9999999999999998	0.04313694714230959
-0.4656387138471574	-0.05952153344074845	0.9508777673922855	0.04313694714230959	1.0

