fitting info
============
χ²:		338.6008250996292
DoF:	195
χ²/DoF:	1.7364144876904062

parameters
==========
0	a	0.6449392749079621	±	0.041978602497565236
1	b	-263.40755093564195	±	11.301580139399801
2	A	1.6149937774887129	±	0.008492359971727606
3	c	0.0037800874847267875	±	3.160237699100519e-07
4	s	-0.00015119214161170253	±	7.070294334841636e-07

covariance matrix
=================
0.0017622030676485902	-0.46383470785401754	-6.290963616761381e-06	1.2197333830301085e-08	1.2490277536936233e-09
-0.46383470785401754	127.72571364727602	-0.018364484046632552	-3.34330067016779e-06	1.3179256123036965e-06
-6.290963616761381e-06	-0.018364484046632552	7.21201778894013e-05	4.2613211320340405e-10	-5.766380105189275e-09
1.2197333830301085e-08	-3.34330067016779e-06	4.2613211320340405e-10	9.987102314816141e-14	-3.0652555541800803e-14
1.2490277536936233e-09	1.3179256123036965e-06	-5.766380105189275e-09	-3.0652555541800803e-14	4.998906198129373e-13

correlation matrix
==================
1.0	-0.9776785736962896	-0.017646590282723498	0.9194268540779891	0.04208299285685111
-0.9776785736962896	0.9999999999999999	-0.19134237827221479	-0.9360876528514809	0.16493553569205274
-0.017646590282723498	-0.19134237827221479	0.9999999999999998	0.15878011770690867	-0.9603673310834752
0.9194268540779891	-0.9360876528514809	0.15878011770690867	1.0	-0.13718588987524802
0.04208299285685111	0.16493553569205274	-0.9603673310834752	-0.13718588987524802	1.0

