fitting info
============
χ²:		211.9365619087933
DoF:	194
χ²/DoF:	1.0924565046845016

parameters
==========
0	a	0.21495140580930153	±	0.03215762882356515
1	b	-197.9197299828282	±	10.790585827208272
2	A	1.3649283193074406	±	0.007711112116685151
3	c	0.0029246520987438003	±	3.493133016479479e-07
4	s	0.00014736571383841738	±	7.609323669325816e-07

covariance matrix
=================
0.001034113091554188	-0.3355847608364947	-4.863590363408904e-05	1.0133343431751037e-08	-4.951873372734277e-09
-0.3355847608364947	116.43674249434804	-0.004786222707951398	-3.507265501661202e-06	-3.9480289515366753e-07
-4.863590363408904e-05	-0.004786222707951398	5.9461250076088545e-05	1.2030200321815099e-10	5.6010807469018745e-09
1.0133343431751037e-08	-3.507265501661202e-06	1.2030200321815099e-10	1.2201978270819024e-13	9.815664667858385e-15
-4.951873372734277e-09	-3.9480289515366753e-07	5.6010807469018745e-09	9.815664667858385e-15	5.79018067045621e-13

correlation matrix
==================
1.0	-0.9671040219838181	-0.19613538556966964	0.9020977922570567	-0.20236688879696194
-0.9671040219838181	1.0000000000000002	-0.05752158730207464	-0.9304831144568125	-0.048082744398284125
-0.19613538556966964	-0.05752158730207464	0.9999999999999999	0.04466226229739618	0.9545721475416747
0.9020977922570567	-0.9304831144568125	0.04466226229739618	1.0	0.03692823339239403
-0.20236688879696194	-0.048082744398284125	0.9545721475416747	0.03692823339239403	1.0

