fitting info
============
χ²:		679.9430536068115
DoF:	194
χ²/DoF:	3.5048611010660387

parameters
==========
0	a	-0.3786184080205235	±	0.011316241846464202
1	b	50.238619608547594	±	5.439697695749993
2	A	1.0786515331809838	±	0.0018658421418601679
3	c	0.002082848014574102	±	1.6432650126727495e-07
4	s	9.160555681173596e-05	±	2.3045085541896847e-07

covariance matrix
=================
0.00012805732952766752	-0.06075312648649958	-1.2320160663008272e-06	1.2555620514106552e-09	-1.5536487757746532e-10
-0.06075312648649958	29.59031102114779	-0.0006509824619976951	-6.141241860938056e-07	-9.835148267767042e-08
-1.2320160663008272e-06	-0.0006509824619976951	3.481366898341339e-06	1.606942951619221e-11	1.9401282825202998e-10
1.2555620514106552e-09	-6.141241860938056e-07	1.606942951619221e-11	2.7003199018743717e-14	2.8799519174454115e-15
-1.5536487757746532e-10	-9.835148267767042e-08	1.9401282825202998e-10	2.8799519174454115e-15	5.310759676333431e-14

correlation matrix
==================
1.0	-0.9869420364379566	-0.05834978404939278	0.6751936540800567	-0.059576131874359464
-0.9869420364379566	1.0000000000000002	-0.06413862209663396	-0.6870270361638928	-0.07845629980737324
-0.05834978404939278	-0.06413862209663396	1.0	0.05241045772562115	0.4512084500639031
0.6751936540800567	-0.6870270361638928	0.05241045772562115	1.0	0.07605001496315311
-0.059576131874359464	-0.07845629980737324	0.4512084500639031	0.07605001496315311	1.0

