fitting info
============
χ²:		320.2712237755899
DoF:	195
χ²/DoF:	1.6424165321825122

parameters
==========
0	a	-0.5657184782753852	±	0.01650574830178388
1	b	77.80598301487652	±	6.107388213400754
2	A	0.8470068244399278	±	0.002312730394979694
3	c	0.0027005407651348352	±	2.5209380065586756e-07
4	s	0.0001031802399166997	±	3.8689759268033507e-07

covariance matrix
=================
0.00027243972700184146	-0.09968442912274443	-2.6722178580462986e-06	3.148015245945362e-09	-4.570744547202853e-10
-0.09968442912274443	37.30019078918646	-0.0008390426856889816	-1.1804201613768574e-06	-1.4983292553038157e-07
-2.6722178580462986e-06	-0.0008390426856889816	5.348721879862931e-06	3.0686754731308195e-11	5.909003881946848e-10
3.148015245945362e-09	-1.1804201613768574e-06	3.0686754731308195e-11	6.355128432912029e-14	6.007502077308644e-15
-4.570744547202853e-10	-1.4983292553038157e-07	5.909003881946848e-10	6.007502077308644e-15	1.4968974722183846e-13

correlation matrix
==================
1.0	-0.988864033566478	-0.07000219139258468	0.7565531483348866	-0.0715740684186675
-0.988864033566478	1.0	-0.059402335603498925	-0.7666884593895172	-0.06340970098262956
-0.07000219139258468	-0.059402335603498925	0.9999999999999999	0.05263368635291639	0.6603789777713965
0.7565531483348866	-0.7666884593895172	0.05263368635291639	1.0	0.061593620981719464
-0.0715740684186675	-0.06340970098262956	0.6603789777713965	0.061593620981719464	1.0

