fitting info
============
χ²:		538.4082838427631
DoF:	195
χ²/DoF:	2.76106812227058

parameters
==========
0	a	0.7452415306499842	±	0.015031888231067783
1	b	-657.5416743267718	±	10.049916768132617
2	A	1.3445870293737212	±	0.006654361925464935
3	c	0.0014151497906987652	±	3.2120038089306293e-07
4	s	0.000141609943364799	±	6.75107146116627e-07

covariance matrix
=================
0.00022595766379131412	-0.13330450049955123	-3.3675939095129885e-05	3.995244081697755e-09	-3.6603775429560076e-09
-0.13330450049955123	101.00082704639313	-0.009365481095500333	-2.965476154613359e-06	-7.364870294990954e-07
-3.3675939095129885e-05	-0.009365481095500333	4.428053263507739e-05	1.997592352486936e-10	4.239752560132896e-09
3.995244081697755e-09	-2.965476154613359e-06	1.997592352486936e-10	1.031696846858487e-13	1.448332185027528e-14
-3.6603775429560076e-09	-7.364870294990954e-07	4.239752560132896e-09	1.448332185027528e-14	4.557696587377367e-13

correlation matrix
==================
1.0	-0.882406724326811	-0.33666638782903185	0.8274728007380155	-0.3606945989238909
-0.882406724326811	0.9999999999999999	-0.14004293641011392	-0.9186623537402349	-0.10855002620942805
-0.33666638782903185	-0.14004293641011392	0.9999999999999999	0.09345970308980377	0.9437596120839636
0.8274728007380155	-0.9186623537402349	0.09345970308980377	0.9999999999999999	0.06679122749422838
-0.3606945989238909	-0.10855002620942805	0.9437596120839636	0.06679122749422838	0.9999999999999998

