fitting info
============
χ²:		23.715813820947826
DoF:	195
χ²/DoF:	0.1216195580561427

parameters
==========
0	a	-0.4339537129694794	±	0.08850375079677097
1	b	1054.7059391574396	±	157.76037262964957
2	A	1.0947138087522115	±	0.027474413033289975
3	c	0.0005198693942745237	±	2.791199862423195e-07
4	s	3.237486559591792e-05	±	6.776255134058049e-07

covariance matrix
=================
0.007832913905096939	-13.205442498238764	-0.0009224888089293528	2.215388771367492e-08	-2.218373877184955e-08
-13.205442498238764	24888.335172245883	0.2588115642815145	-4.185314389847291e-05	5.646944469811832e-06
-0.0009224888089293528	0.2588115642815145	0.000754843371523814	-3.838803405482555e-10	1.81178524124953e-08
2.215388771367492e-08	-4.185314389847291e-05	-3.838803405482555e-10	7.790796671991261e-14	-8.381621554118365e-15
-2.218373877184955e-08	5.646944469811832e-06	1.81178524124953e-08	-8.381621554118365e-15	4.591763364184806e-13

correlation matrix
==================
1.0	-0.9457870397798056	-0.37937700779871286	0.8968035910223715	-0.36989913577188643
-0.9457870397798056	1.0	0.05971141066789721	-0.950471782666631	0.0528233383334264
-0.37937700779871286	0.05971141066789721	1.0	-0.0500583480404587	0.9731696256689724
0.8968035910223715	-0.950471782666631	-0.0500583480404587	1.0	-0.04431465406085468
-0.36989913577188643	0.0528233383334264	0.9731696256689724	-0.04431465406085468	0.9999999999999998

