fitting info
============
χ²:		82.98624645701094
DoF:	195
χ²/DoF:	0.4255704946513381

parameters
==========
0	a	0.037130498013928016	±	0.05836362980923576
1	b	-113.49400714334652	±	74.73764090717346
2	A	0.42407124375906585	±	0.005122617605150283
3	c	0.0008053524173626024	±	2.3046178732547756e-07
4	s	1.914804089825363e-05	±	3.255364596381283e-07

covariance matrix
=================
0.0034063132845095134	-4.3470476405530505	7.7742461066879e-05	9.869749658894478e-09	4.853972755562104e-09
-4.3470476405530505	5585.714968369607	-0.12360395980289574	-1.2708862620793707e-05	-7.881551965045576e-06
7.7742461066879e-05	-0.12360395980289574	2.6241211128595616e-05	2.86916830043403e-10	9.208697939204149e-10
9.869749658894478e-09	-1.2708862620793707e-05	2.86916830043403e-10	5.311263541725364e-14	2.009113591504976e-14
4.853972755562104e-09	-7.881551965045576e-06	9.208697939204149e-10	2.009113591504976e-14	1.0597398655372674e-13

correlation matrix
==================
1.0	-0.9965812693959055	0.2600303574358439	0.7337783896971557	0.25547911569253917
-0.9965812693959055	1.0	-0.3228502010326051	-0.7378504970932673	-0.3239460748206573
0.2600303574358439	-0.3228502010326051	1.0	0.24303295113266413	0.5522130348910886
0.7337783896971557	-0.7378504970932673	0.24303295113266413	0.9999999999999999	0.2677971371460342
0.25547911569253917	-0.3239460748206573	0.5522130348910886	0.2677971371460342	0.9999999999999999

