fitting info
============
χ²:		46.70842090640967
DoF:	195
χ²/DoF:	0.2395303636226137

parameters
==========
0	a	-0.7569316528344683	±	0.0635786436108127
1	b	1135.5277222612249	±	92.7082242411878
2	A	0.7274137908666299	±	0.008776094683423292
3	c	0.0006823266701594403	±	1.9375866586058083e-07
4	s	2.3795139564868524e-05	±	3.4199914343337523e-07

covariance matrix
=================
0.004042243923390734	-5.8265287170693725	-5.862763143882155e-05	1.0320510619211911e-08	-2.1978339543228972e-09
-5.8265287170693725	8594.814841954361	-0.03173618301799819	-1.5249964821239464e-05	-1.3495378841735007e-06
-5.862763143882155e-05	-0.03173618301799819	7.701983789241055e-05	7.03793960434453e-11	2.529575749729026e-09
1.0320510619211911e-08	-1.5249964821239464e-05	7.03793960434453e-11	3.7542420596072214e-14	3.072694241744899e-15
-2.1978339543228972e-09	-1.3495378841735007e-06	2.529575749729026e-09	3.072694241744899e-15	1.1696341410916236e-13

correlation matrix
==================
1.0	-0.9885084140218693	-0.10507267537885831	0.8377776904861114	-0.10107845656434543
-0.9885084140218693	0.9999999999999998	-0.039006333474253495	-0.848964330962377	-0.042563937780356484
-0.10507267537885831	-0.039006333474253495	0.9999999999999998	0.0413888252706818	0.8427938750244325
0.8377776904861114	-0.848964330962377	0.0413888252706818	1.0000000000000002	0.04636958326223033
-0.10107845656434543	-0.042563937780356484	0.8427938750244325	0.04636958326223033	1.0

