fitting info
============
χ²:		9.646835236213969
DoF:	94
χ²/DoF:	0.10262590676823372

parameters
==========
0	a	-0.8667464786503835	±	0.31272906300679915
1	b	1003.9368044225386	±	618.5413598157264
2	A	0.7831644034957558	±	0.17248265581851496
3	c	0.00036431479277146655	±	8.37823039670036e-07
4	s	2.946453724392392e-05	±	3.7721486932415393e-06

covariance matrix
=================
0.09779946684911056	-162.67957984349556	-0.03835797719973108	2.178149212902821e-07	-8.318272560038072e-07
-162.67957984349556	382593.41380268795	23.224288730219172	-0.0005159984773797199	0.0004904499659328448
-0.03835797719973108	23.224288730219172	0.029750266558208293	-2.9736518784404164e-08	6.497511313260951e-07
2.178149212902821e-07	-0.0005159984773797199	-2.9736518784404164e-08	7.019474458019386e-13	-6.281610032564262e-13
-8.318272560038072e-07	0.0004904499659328448	6.497511313260951e-07	-6.281610032564262e-13	1.4229105763923853e-11

correlation matrix
==================
1.0000000000000002	-0.8410001120746985	-0.7111185741459181	0.8313178100418432	-0.7051412142870447
-0.8410001120746985	1.0	0.21768487093673972	-0.9956974073331379	0.21020215310366294
-0.7111185741459181	0.21768487093673972	1.0	-0.20577489804162732	0.9986488586095419
0.8313178100418432	-0.9956974073331379	-0.20577489804162732	1.0	-0.19876040306034004
-0.7051412142870447	0.21020215310366294	0.9986488586095419	-0.19876040306034004	1.0000000000000002

