fitting info
============
χ²:		13.603279521719232
DoF:	95
χ²/DoF:	0.14319241601809718

parameters
==========
0	a	-2.395461213764574	±	0.1669659378922146
1	b	4427.499640421814	±	298.7465799623143
2	A	0.733126451559676	±	0.029357163664609436
3	c	0.0004885541193786688	±	2.165287927895182e-07
4	s	1.8857382217104476e-05	±	5.382378661423239e-07

covariance matrix
=================
0.027877624416226855	-49.40474817245135	-0.003672224632001403	3.475866064629656e-08	-6.299956144701877e-08
-49.40474817245135	89249.51903917943	5.709363417876622	-6.32554267644544e-05	9.606435925512888e-05
-0.003672224632001403	5.709363417876622	0.0008618430584306644	-3.791921893695594e-09	1.558916682813712e-08
3.475866064629656e-08	-6.32554267644544e-05	-3.791921893695594e-09	4.688471810688611e-14	-6.396940233621589e-14
-6.299956144701877e-08	9.606435925512888e-05	1.558916682813712e-08	-6.396940233621589e-14	2.897000005494422e-13

correlation matrix
==================
0.9999999999999999	-0.9904621101384263	-0.7491818785898746	0.9614340467569058	-0.7010280520686695
-0.9904621101384263	0.9999999999999999	0.6509845055490115	-0.9778656559396351	0.5974273494496918
-0.7491818785898746	0.6509845055490115	0.9999999999999999	-0.5965263531186177	0.9865851237799018
0.9614340467569058	-0.9778656559396351	-0.5965263531186177	1.0	-0.5488862993110674
-0.7010280520686695	0.5974273494496918	0.9865851237799018	-0.5488862993110674	1.0000000000000002

