fitting info
============
χ²:		316.73967190353216
DoF:	56
χ²/DoF:	5.656065569705931

parameters
==========
0	a	0.07187856720475223	±	0.010881452100868815
1	b	-16.879955244720804	±	2.4605165371661144
2	A	5.5862387051131e-05	±	5.906487615114919e-07
3	x	0.004601232804842541	±	1.8858409037147972e-07
4	s	8.689964742489592e-05	±	5.800161477163813e-07

covariance matrix
=================
0.00011840599982350234	-0.026696252927150995	2.400526943729502e-09	1.5924868000580552e-09	2.009506951832409e-09
-0.026696252927150995	6.058098307723006	-6.479901028961076e-07	-3.597304644785043e-07	-5.541715399233748e-07
2.400526943729502e-09	-6.479901028961076e-07	3.488659601977423e-13	3.4803781710745205e-14	3.320386275393003e-13
1.5924868000580552e-09	-3.597304644785043e-07	3.4803781710745205e-14	3.556397810087633e-14	3.023481613197222e-14
2.009506951832409e-09	-5.541715399233748e-07	3.320386275393003e-13	3.023481613197222e-14	3.3641881997392763e-13

correlation matrix
==================
1.0	-0.9970964392246313	0.3734998507076074	0.7760396930562768	0.31839231285337666
-0.9970964392246313	1.000653548974753	-0.44587465547271066	-0.7752573259191003	-0.38830934785673116
0.3734998507076074	-0.44587465547271066	1.0000000020715205	0.31245831551899494	0.9692129937326854
0.7760396930562768	-0.7752573259191003	0.31245831551899494	1.0000005331138142	0.27641537497210555
0.31839231285337666	-0.38830934785673116	0.9692129937326854	0.27641537497210555	1.0000002626553408

