fitting info
============
χ²:		13.913143583085017
DoF:	55
χ²/DoF:	0.2529662469651821

parameters
==========
0	a	0.05269446536237722	±	0.034725554635203736
1	b	-13.733642685833445	±	5.154783558367939
2	c	3.027417211642902e-05	±	1.5862160513968604e-06
3	t	0.006679817753181674	±	8.994342484028132e-07
4	s	9.683740330047291e-05	±	3.048834794861786e-06

covariance matrix
=================
0.0012058641447225194	-0.17885515592477322	-6.879828171584324e-09	2.5335162575914357e-08	-1.1696485724754088e-08
-0.17885515592477322	26.664309291017364	4.444175918668783e-07	-3.7822231122752175e-06	6.702723465841805e-07
-6.879828171584324e-09	4.444175918668783e-07	2.516081431354021e-12	-4.217237196276612e-14	4.725169410470472e-12
2.5335162575914357e-08	-3.7822231122752175e-06	-4.217237196276612e-14	8.089916745558331e-13	-5.931764179073902e-14
-1.1696485724754088e-08	6.702723465841805e-07	4.725169410470472e-12	-5.931764179073902e-14	9.295454265942048e-12

correlation matrix
==================
0.9999999999999998	-0.9991756428865544	-0.12490104162985646	0.8111573057005614	-0.11047711178977077
-0.9991756428865544	1.0034817279940054	0.0543523676030663	-0.8157691716201132	0.042648815638263775
-0.12490104162985646	0.0543523676030663	1.000000027679937	-0.02955944445210707	0.9770598139050896
0.8111573057005614	-0.8157691716201132	-0.02955944445210707	1.0000119994713024	-0.021631197589580247
-0.11047711178977077	0.042648815638263775	0.9770598139050896	-0.021631197589580247	1.0000065257679995

