fitting info
============
χ²:		163.83082722737123
DoF:	55
χ²/DoF:	2.9787423132249313

parameters
==========
0	a	0.07807033153186962	±	0.014498127098284946
1	b	-17.678352414682166	±	2.6709854158615514
2	A	4.247438899890321e-05	±	6.698732753496195e-07
3	x	0.005624273089208325	±	2.759786552220672e-07
4	s	9.002873140399492e-05	±	8.692695580360364e-07

covariance matrix
=================
0.00021019568935802424	-0.03865301784552995	3.978242277531131e-09	3.195865558114461e-09	4.429641235304685e-09
-0.03865301784552995	7.13943293739312	-8.386762755541495e-07	-5.876128650989013e-07	-9.497260743986113e-07
3.978242277531131e-09	-8.386762755541495e-07	4.4873020663309364e-13	6.130310057150218e-14	5.660152269170827e-13
3.195865558114461e-09	-5.876128650989013e-07	6.130310057150218e-14	7.616430486420792e-14	7.018374463519389e-14
4.429641235304685e-09	-9.497260743986113e-07	5.660152269170827e-13	7.018374463519389e-14	7.556299950914594e-13

correlation matrix
==================
0.9999999999999999	-0.9981595996055675	0.4096252069444438	0.7987320375904118	0.3514812642318078
-0.9981595996055675	1.0007386774846951	-0.46873802872880926	-0.7971577722459131	-0.4090462109193564
0.4096252069444438	-0.46873802872880926	1.000000003577799	0.33159982652374764	0.9720329613380712
0.7987320375904118	-0.7971577722459131	0.33159982652374764	1.0000011386715362	0.2925543575464975
0.3514812642318078	-0.4090462109193564	0.9720329613380712	0.2925543575464975	1.0000005698073682

