fitting info
============
χ²:		40.95770681045447
DoF:	55
χ²/DoF:	0.7446855783718994

parameters
==========
0	a	0.07807104352355214	±	0.02897205405584094
1	b	-17.678526278478245	±	5.34430528655129
2	c	4.2474575764506195e-05	±	1.2577369546407091e-06
3	t	0.005624273115069505	±	5.52768323138636e-07
4	s	9.002895604495493e-05	±	1.6397343912673309e-06

covariance matrix
=================
0.0008393799162145695	-0.1547817033559085	1.7595585423800743e-08	1.2997065897527946e-08	1.9943343667832088e-08
-0.1547817033559085	28.646364523148627	-3.595683824480842e-06	-2.392775165766441e-06	-4.122400798893417e-06
1.7595585423800743e-08	-3.595683824480842e-06	1.5819022666931638e-12	2.618993574435592e-13	1.9988627610245705e-12
1.2997065897527946e-08	-2.392775165766441e-06	2.618993574435592e-13	3.055542148622431e-13	3.0583746401487056e-13
1.9943343667832088e-08	-4.122400798893417e-06	1.9988627610245705e-12	3.0583746401487056e-13	2.688734325367646e-12

correlation matrix
==================
1.0	-0.9996525454666555	0.4828748792341082	0.8115642103996002	0.41980265491583396
-0.9996525454666555	1.002967814487587	-0.5349342635983327	-0.8099673009815301	-0.47041964453543705
0.4828748792341082	-0.5349342635983327	1.000000012405494	0.3767050688181869	0.9692139360882562
0.8115642103996002	-0.8099673009815301	0.3767050688181869	1.000004568102981	0.33742249383776957
0.41980265491583396	-0.47041964453543705	0.9692139360882562	0.33742249383776957	1.0000020275241788

