fitting info
============
χ²:		220.73101196289278
DoF:	55
χ²/DoF:	4.013291126598051

parameters
==========
0	a	0.06964384195917953	±	0.008485502108419633
1	b	-16.714495146535057	±	2.455369838652004
2	A	7.127294344283497e-05	±	5.925308015353181e-07
3	x	0.0035949201255597116	±	1.4549558538046528e-07
4	s	8.622672017956745e-05	±	4.5366458382434385e-07

covariance matrix
=================
7.200374603199404e-05	-0.02071806008632794	1.3177145880807732e-09	9.545967072143415e-10	8.448506950413814e-10
-0.02071806008632794	6.03280000524467	-5.300477801592063e-07	-2.7655863338653973e-07	-3.537626065971237e-07
1.3177145880807732e-09	-5.300477801592063e-07	3.510927513485337e-13	2.1853005234958107e-14	2.60752922997198e-13
9.545967072143415e-10	-2.7655863338653973e-07	2.1853005234958107e-14	2.1168972033297104e-14	1.4809403085514427e-14
8.448506950413814e-10	-3.537626065971237e-07	2.60752922997198e-13	1.4809403085514427e-14	2.0581158794081645e-13

correlation matrix
==================
1.0	-0.994385140458792	0.26207939469018676	0.7732012902863354	0.2194661491622462
-0.994385140458792	1.0006566702710256	-0.3643234887495714	-0.7741417458368113	-0.3175851097056727
0.26207939469018676	-0.3643234887495714	1.0000000016532586	0.2534839245230804	0.9700260060778757
0.7732012902863354	-0.7741417458368113	0.2534839245230804	1.0000003149938	0.22436383838319665
0.2194661491622462	-0.3175851097056727	0.9700260060778757	0.22436383838319665	1.0000001619165717

