fitting info
============
χ²:		55.18275317153774
DoF:	55
χ²/DoF:	1.0033227849370498

parameters
==========
0	a	0.0696454670508751	±	0.016945674027116487
1	b	-16.715062133285215	±	4.898510934328158
2	c	7.127311836124806e-05	±	1.1848258783808685e-06
3	t	0.0035949201248021163	±	2.9072770302870747e-07
4	s	8.622680078439776e-05	±	9.071898989375409e-07

covariance matrix
=================
0.00028715586823329026	-0.08262201074267293	5.24872882710468e-09	3.806916812123275e-09	3.364604968889523e-09
-0.08262201074267293	24.058319395124666	-2.113750666957883e-06	-1.1028937997335982e-06	-1.4107430175707687e-06
5.24872882710468e-09	-2.113750666957883e-06	1.4038123712608512e-12	8.711672273525598e-14	1.0426365735311976e-12
3.806916812123275e-09	-1.1028937997335982e-06	8.711672273525598e-14	8.452270361147806e-14	5.90401124519293e-14
3.364604968889523e-09	-1.4107430175707687e-06	1.0426365735311976e-12	5.90401124519293e-14	8.22994045596123e-13

correlation matrix
==================
0.9999999999999998	-0.9953431462438971	0.2614211715331691	0.7727306200792038	0.21886535861053436
-0.9953431462438971	1.0026217523698935	-0.36419597734503634	-0.7744318330413158	-0.3174575218114948
0.2614211715331691	-0.36419597734503634	1.0000000065392318	0.25290684331475216	0.9700189482268209
0.7727306200792038	-0.7744318330413158	0.25290684331475216	1.0000012576888682	0.22385281134470883
0.21886535861053436	-0.3174575218114948	0.9700189482268209	0.22385281134470883	1.000000647467822

