fitting info
============
χ²:		22.57769288790364
DoF:	195
χ²/DoF:	0.1157830404507879

parameters
==========
0	a	1.131901142929003	±	0.040227552384824006
1	b	-268.06003347758997	±	26.597908703257986
2	A0	-0.028217060238413944	±	0.003875338041760948
3	c0	0.001366862604782256	±	1.7158748352305228e-06
4	s0	2.3210223565701687e-05	±	2.6795913709590966e-06
5	A1	-0.13274616961862096	±	0.0022310028526570658
6	c1	0.0014539710781757364	±	2.7188579341857946e-07
7	s1	3.178578542500094e-05	±	4.397931243532149e-07

covariance matrix
=================
0.0016188947289998924	-1.0702579902945466	-0.00014546022810460663	-5.024210124651111e-08	9.810774674638743e-08	-6.745314125753694e-05	5.305887589451641e-09	-5.773156538421121e-10
-1.0702579902945466	708.6661317405501	0.0949524978281721	3.251580862958232e-05	-6.43940183270329e-05	0.04321158944033364	-3.5899744669022212e-06	7.548706088951486e-07
-0.00014546022810460663	0.0949524978281721	1.5036315165159854e-05	5.1572959362536275e-09	-8.990118170989917e-09	7.629843493942546e-06	-3.847446985770464e-10	-3.216732574799656e-10
-5.024210124651111e-08	3.251580862958232e-05	5.1572959362536275e-09	2.953208833608661e-12	-3.04112616393079e-12	2.8723550329321474e-09	-2.1077002433574257e-13	-3.535602815650148e-13
9.810774674638743e-08	-6.43940183270329e-05	-8.990118170989917e-09	-3.04112616393079e-12	7.184937216906189e-12	-4.72956759091865e-09	1.6629569131460397e-13	-9.38910900945593e-15
-6.745314125753694e-05	0.04321158944033364	7.629843493942546e-06	2.8723550329321474e-09	-4.72956759091865e-09	4.977549544360544e-06	-1.0891933755055916e-10	-3.4597091065770724e-10
5.305887589451641e-09	-3.5899744669022212e-06	-3.847446985770464e-10	-2.1077002433574257e-13	1.6629569131460397e-13	-1.0891933755055916e-10	7.413057088657566e-14	-2.8735993961670157e-15
-5.773156538421121e-10	7.548706088951486e-07	-3.216732574799656e-10	-3.535602815650148e-13	-9.38910900945593e-15	-3.4597091065770724e-10	-2.8735993961670157e-15	1.934395352432787e-13

correlation matrix
==================
1.0003947200799068	-1.0002703112621087	-0.9330632053072392	-0.7278779785845949	0.9101461193630229	-0.7515855897107364	0.48511859331789414	-0.03263181942447642
-1.0002703112621087	1.0017208092574903	0.9211902045816286	0.7124616017032225	-0.9035027220076662	0.7282032696110278	-0.49642923947696954	0.0645322176572794
-0.9330632053072392	0.9211902045816286	1.0012032183064647	0.7755804553121185	-0.8657395105095504	0.8824821151256279	-0.3651543993879455	-0.1887369489328525
-0.7278779785845949	0.7124616017032225	0.7755804553121185	1.0030508466598234	-0.6614244762060056	0.7503301341743134	-0.45179011581286993	-0.46852139823379396
0.9101461193630229	-0.9035027220076662	-0.8657395105095504	-0.6614244762060056	1.0006583793013701	-0.7911389020331228	0.22825794914958233	-0.007967230379756067
-0.7515855897107364	0.7282032696110278	0.8824821151256279	0.7503301341743134	-0.7911389020331228	1.000035323004895	-0.17956361921082292	-0.35260707632325383
0.48511859331789414	-0.49642923947696954	-0.3651543993879455	-0.45179011581286993	0.22825794914958233	-0.17956361921082292	1.0028230641666807	-0.024032075123414754
-0.03263181942447642	0.0645322176572794	-0.1887369489328525	-0.46852139823379396	-0.007967230379756067	-0.35260707632325383	-0.024032075123414754	1.0001113806149475

