fitting info
============
χ²:		90.31077116188666
DoF:	195
χ²/DoF:	0.463132159804547

parameters
==========
0	a	1.13189971440852	±	0.019955740144077194
1	b	-268.0591244100923	±	13.179496555057739
2	A0	-0.028216914573765073	±	0.0019584680345452465
3	c0	0.0013668628336765095	±	8.927158171513801e-07
4	s0	2.3210297397147544e-05	±	1.2973760931959095e-06
5	A1	-0.1327462142063376	±	0.001140676800700624
6	c1	0.0014539711515002447	±	1.4600359796385423e-07
7	s1	3.178571420156829e-05	±	2.3559981963065774e-07

covariance matrix
=================
0.0003982798156619896	-0.2628874379068948	-3.6273957315889975e-05	-1.3097265688104747e-08	2.33383816815244e-08	-1.6761931168449033e-05	1.428362696169061e-09	3.914666168811287e-11
-0.2628874379068948	173.83236440438253	0.023599581624787397	8.444757346458271e-06	-1.5303042160371937e-05	0.010676399824028925	-9.625491266959701e-07	8.252948583746327e-08
-3.6273957315889975e-05	0.023599581624787397	3.836774026446138e-06	1.3937081649145342e-09	-2.1538833198000344e-09	1.9722468157378746e-06	-1.0776291371980393e-10	-1.1574912055757479e-10
-1.3097265688104747e-08	8.444757346458271e-06	1.3937081649145342e-09	7.975973088572144e-13	-7.475414171410382e-13	7.697324639726478e-10	-6.422414040748213e-14	-1.0768626521271854e-13
2.33383816815244e-08	-1.5303042160371937e-05	-2.1538833198000344e-09	-7.475414171410382e-13	1.6834442952360427e-12	-1.1247653088453363e-09	4.10385385271782e-14	6.202840981821368e-17
-1.6761931168449033e-05	0.010676399824028925	1.9722468157378746e-06	7.697324639726478e-10	-1.1247653088453363e-09	1.3011555777113461e-06	-3.033815547277004e-11	-1.1176534402046231e-10
1.428362696169061e-09	-9.625491266959701e-07	-1.0776291371980393e-10	-6.422414040748213e-14	4.10385385271782e-14	-3.033815547277004e-11	2.1334347875838373e-14	1.0192367655185265e-15
3.914666168811287e-11	8.252948583746327e-08	-1.1574912055757479e-10	-1.0768626521271854e-13	6.202840981821368e-17	-1.1176534402046231e-10	1.0192367655185265e-15	5.550904902238129e-14

correlation matrix
==================
1.0001211630828213	-0.999546891326094	-0.9281338454512297	-0.7351899604844327	0.9014403773951399	-0.7363657901146247	0.490238145901243	0.00832629778102748
-0.999546891326094	1.0007670444868066	0.9143005802400996	0.7177531784588453	-0.8949794490011375	0.7101717617849108	-0.5002193933435957	0.026578799737310893
-0.9281338454512297	0.9143005802400996	1.0003068581234227	0.7971538117662632	-0.8476953376928904	0.882840335518479	-0.3768680145449082	-0.25085701998941484
-0.7351899604844327	0.7177531784588453	0.7971538117662632	1.0008228692320753	-0.645440389982757	0.7558993380921645	-0.49274419022057786	-0.5120025590819193
0.9014403773951399	-0.8949794490011375	-0.8476953376928904	-0.645440389982757	1.0001542124495117	-0.7600346866144655	0.2166518675681778	0.00020293165770819444
-0.7363657901146247	0.7101717617849108	0.882840335518479	0.7558993380921645	-0.7600346866144655	1.0000092334582213	-0.18216418936520076	-0.41588149523188617
0.490238145901243	-0.5002193933435957	-0.3768680145449082	-0.49274419022057786	0.2166518675681778	-0.18216418936520076	1.0008114282673173	0.02963033551089423
0.00832629778102748	0.026578799737310893	-0.25085701998941484	-0.5120025590819193	0.00020293165770819444	-0.41588149523188617	0.02963033551089423	1.0000319599977212

