fitting info
============
χ²:		22.57769288790364
DoF:	195
χ²/DoF:	0.1157830404507879

parameters
==========
0	a	1.131901142929003	±	0.039807801935322296
1	b	-268.06003347758997	±	26.281834961510867
2	A0	-0.028217060238413944	±	0.003907158053925802
3	c0	0.001366862604782256	±	1.7810213806871127e-06
4	s0	2.3210223565701687e-05	±	2.588987643601481e-06
5	A1	-0.13274616961862096	±	0.002278558010288062
6	c1	0.0014539710781757364	±	2.9147868644370176e-07
7	s1	3.178578542500094e-05	±	4.7117767548628865e-07

covariance matrix
=================
0.0015852735991596595	-1.0463590603100292	-0.00014439521859919936	-5.214011418429575e-08	9.289524675200568e-08	-6.673283317181141e-05	5.68507096288152e-09	1.6055330523104457e-10
-1.0463590603100292	691.8953143707424	0.09393478204837048	3.361432065208848e-05	-6.090896874707532e-05	0.042497241836987235	-3.831421831185489e-06	3.2750087845340763e-07
-0.00014439521859919936	0.09393478204837048	1.5284555719825817e-05	5.552604057014944e-09	-8.574616570201734e-09	7.860895641075666e-06	-4.2851515388570294e-10	-4.6335824163839784e-10
-5.214011418429575e-08	3.361432065208848e-05	5.552604057014944e-09	3.1824672977333695e-12	-2.9756422408632947e-12	3.0689451974229274e-09	-2.5599411026796894e-13	-4.3086995492899214e-13
9.289524675200568e-08	-6.090896874707532e-05	-8.574616570201734e-09	-2.9756422408632947e-12	6.706976367002052e-12	-4.480671928916644e-09	1.6249815628381294e-13	4.841794401129749e-16
-6.673283317181141e-05	0.042497241836987235	7.860895641075666e-06	3.0689451974229274e-09	-4.480671928916644e-09	5.192017899128608e-06	-1.2021095039194675e-10	-4.4723012286832434e-10
5.68507096288152e-09	-3.831421831185489e-06	-4.2851515388570294e-10	-2.5599411026796894e-13	1.6249815628381294e-13	-1.2021095039194675e-10	8.523567182045529e-14	4.0907995863105435e-15
1.6055330523104457e-10	3.2750087845340763e-07	-4.6335824163839784e-10	-4.3086995492899214e-13	4.841794401129749e-16	-4.4723012286832434e-10	4.0907995863105435e-15	2.2203678518421343e-13

correlation matrix
==================
1.0003865206508653	-1.0001309279051838	-0.9283754231643329	-0.7354186631118265	0.9013538479840424	-0.7357178206645943	0.48996029620794423	0.008559853807223773
-1.0001309279051838	1.0016800447066214	0.9147654819014169	0.7181241329657476	-0.8951495239084865	0.7096512476902657	-0.5001467856307725	0.026446736011114375
-0.9283754231643329	0.9147654819014169	1.0012230972931	0.7979333061925693	-0.8476640236779442	0.882980191905171	-0.3762689671328283	-0.2516930404092503
-0.7354186631118265	0.7181241329657476	0.7979333061925693	1.0032881516664796	-0.6453296275665729	0.7562404621798312	-0.49312161196272414	-0.5134431603172049
0.9013538479840424	-0.8951495239084865	-0.8476640236779442	-0.6453296275665729	1.0006145660379444	-0.7595442474032019	0.21533352826092542	0.00039690965269220137
-0.7357178206645943	0.7096512476902657	0.882980191905171	0.7562404621798312	-0.7595442474032019	1.0000368450056645	-0.18099940081060273	-0.4165683329736183
0.48996029620794423	-0.5001467856307725	-0.3762689671328283	-0.49312161196272414	0.21533352826092542	-0.18099940081060273	1.0032467954193973	0.029786309264359198
0.008559853807223773	0.026446736011114375	-0.2516930404092503	-0.5134431603172049	0.00039690965269220137	-0.4165683329736183	0.029786309264359198	1.000127847898148

