fitting info
============
χ²:		79.1849181150386
DoF:	56
χ²/DoF:	1.4140163949114035

parameters
==========
0	a	0.07188078241745288	±	0.021740276045087308
1	b	-16.880455726865478	±	4.911072018790534
2	c	5.586239914395774e-05	±	1.1810405496082144e-06
3	t	0.004601232826016372	±	3.769305890275604e-07
4	s	8.689964504747572e-05	±	1.159838141154557e-06

covariance matrix
=================
0.00047263960251659707	-0.10656144629545782	9.577717850002434e-09	6.3566759816502384e-09	8.017114556874896e-09
-0.10656144629545782	24.181619251866383	-2.5864203967515103e-06	-1.4359078735828565e-06	-2.2119353179771754e-06
9.577717850002434e-09	-2.5864203967515103e-06	1.3948567913669708e-12	1.3888639592792853e-13	1.3276324415522329e-12
6.3566759816502384e-09	-1.4359078735828565e-06	1.3888639592792853e-13	1.420769715377656e-13	1.2065739769801146e-13
8.017114556874896e-09	-2.2119353179771754e-06	1.3276324415522329e-12	1.2065739769801146e-13	1.34522592652464e-12

correlation matrix
==================
1.0	-0.9980648232466758	0.373020050001361	0.7757175861781429	0.3179476714694228
-0.9980648232466758	1.0026117106305934	-0.4459210815613142	-0.7756912469700706	-0.388328024785418
0.373020050001361	-0.4459210815613142	1.000000008279056	0.3119848579272964	0.9692050334046558
0.7757175861781429	-0.7756912469700706	0.3119848579272964	1.0000021297874186	0.27599116825393394
0.3179476714694228	-0.388328024785418	0.9692050334046558	0.27599116825393394	1.0000010502691319

