fitting info
============
χ²:		353.42414617459474
DoF:	148
χ²/DoF:	2.3880009876661807

parameters
==========
0	a	0.15999999999288586	±	0.002253653977043718
1	b	0.07226999643835864	±	0.003713302256173369
2	A0	-1.2783439550727307	±	0.009253944865516006
3	c0	2.7178007320294135	±	0.00027355918797566936
4	s0	0.0901216678526739	±	0.0007879744003555025

covariance matrix
=================
6.443467361051072e-14	1.8802934698325933e-12	1.0875003167598873e-13	2.7016748281032994e-14	-4.316133384067891e-15
1.8802934698325933e-12	1.3792663782231237e-05	-3.23665346879326e-05	3.8208404946843406e-07	2.752614650939585e-06
1.0875003167598873e-13	-3.23665346879326e-05	8.563610310734218e-05	-8.790201485014384e-07	-5.96585191417545e-06
2.7016748281032994e-14	3.8208404946843406e-07	-8.790201485014384e-07	7.48347404156008e-08	7.851988380478963e-08
-4.316133384067891e-15	2.752614650939585e-06	-5.96585191417545e-06	7.851988380478963e-08	6.209048341915357e-07

correlation matrix
==================
1.268659749387999e-08	2.2468708010674548e-07	5.214530939474142e-09	4.38222361293852e-08	-2.430499372236871e-09
2.2468708010674548e-07	1.000293730510773	-0.9419091052785872	0.3761380775799323	0.9407473578395203
5.214530939474142e-09	-0.9419091052785872	1.0000070944101864	-0.34723269919190347	-0.8181509762309527
4.38222361293852e-08	0.3761380775799323	-0.34723269919190347	1.000001484469078	0.364263984605946
-2.430499372236871e-09	0.9407473578395203	-0.8181509762309527	0.364263984605946	1.0000018981623175

