fitting info
============
χ²:		28.738906339432766
DoF:	206
χ²/DoF:	0.13950925407491635

parameters
==========
0	a	0.1349780377474538	±	0.118974238531232
1	b	0.089996001789145	±	0.027653072151383802
2	A0	-0.4495859740042003	±	0.009941142313926177
3	c0	1.8504700145906674	±	0.0010537147314121365
4	s0	0.07737586043461772	±	0.0018506491552238644
5	A1	-0.042948752157817904	±	0.006706885512247615
6	c1	2.0959999999924834	±	0.007612944628722085
7	s1	0.05999999997753133	±	0.003830699507994112

covariance matrix
=================
0.0037157504601748486	-0.0016925667702518544	-0.0005209142470170414	-4.9409416216966926e-05	9.765921942833383e-05	-0.00013393347670170522	-2.972476486356797e-10	-1.2877925391187657e-09
-0.0016925667702518544	0.0007758370896907443	0.00022893985415105332	2.2527551386874815e-05	-4.320340592698011e-05	4.88434198807009e-05	1.4558323404919217e-10	5.278555220529047e-10
-0.0005209142470170414	0.00022893985415105332	9.883346234098378e-05	6.910757437494654e-06	-1.4419128505224095e-05	4.102264758108139e-05	1.9308539237082755e-11	2.8436504618197055e-10
-4.9409416216966926e-05	2.2527551386874815e-05	6.910757437494654e-06	1.110348698877006e-06	-1.2904879986481933e-06	1.988229969074816e-06	2.008005911113477e-12	2.44706352088647e-11
9.765921942833383e-05	-4.320340592698011e-05	-1.4419128505224095e-05	-1.2904879986481933e-06	3.42495171127833e-06	-6.188363670739508e-06	-1.7566403011222396e-12	-4.549639950458134e-11
-0.00013393347670170522	4.88434198807009e-05	4.102264758108139e-05	1.988229969074816e-06	-6.188363670739508e-06	4.505929681658971e-05	-5.237591217266281e-12	2.0298652598623474e-10
-2.972476486356797e-10	1.4558323404919217e-10	1.9308539237082755e-11	2.008005911113477e-12	-1.7566403011222396e-12	-5.237591217266281e-12	1.0717998978101123e-13	1.4489194103267286e-15
-1.2877925391187657e-09	5.278555220529047e-10	2.8436504618197055e-10	2.44706352088647e-11	-4.549639950458134e-11	2.0298652598623474e-10	1.4489194103267286e-15	3.5186989626328846e-13

correlation matrix
==================
0.2625068692775725	-0.5144574841413911	-0.44043011890862843	-0.3941247760994264	0.443543502425358	-0.16784766956785277	-3.2818053821320794e-07	-2.8256273455166843e-06
-0.5144574841413911	1.0145740827157559	0.8328019319154667	0.7731211432838981	-0.8442100258431193	0.26335513130462834	6.915368142678351e-07	4.983031086357308e-06
-0.44043011890862843	0.8328019319154667	1.000072367724887	0.6597301120691298	-0.7837519384466771	0.615271079976866	2.551293701759123e-07	7.467269667654187e-06
-0.3941247760994264	0.7731211432838981	0.6597301120691298	1.000030589238329	-0.6617696184027982	0.281334291541897	2.5031637689635103e-07	6.062393262605471e-06
0.443543502425358	-0.8442100258431193	-0.7837519384466771	-0.6617696184027982	1.0000144283086816	-0.4985753946263025	-1.2468266540084554e-07	-6.417632582809318e-06
-0.16784766956785277	0.26335513130462834	0.615271079976866	0.281334291541897	-0.4985753946263025	1.0017114180349762	-1.0257889954571322e-07	7.900748403656282e-06
-3.2818053821320794e-07	6.915368142678351e-07	2.551293701759123e-07	2.5031637689635103e-07	-1.2468266540084554e-07	-1.0257889954571322e-07	1.8493042562156755e-09	4.968364768837303e-11
-2.8256273455166843e-06	4.983031086357308e-06	7.467269667654187e-06	6.062393262605471e-06	-6.417632582809318e-06	7.900748403656282e-06	4.968364768837303e-11	2.397871694674524e-08

