fitting info
============
χ²:		13.430663420358474
DoF:	55
χ²/DoF:	0.24419388037015408

parameters
==========
0	a	-0.34102124071493994	±	0.05279236968562179
1	b	62.94530005498545	±	9.972217831719085
2	c	5.5077623524968367e-05	±	2.7786901108661777e-06
3	t	0.005181323643542875	±	8.75921294414897e-07
4	s	9.224113878822549e-05	±	2.8637612645390802e-06

covariance matrix
=================
0.0027870342970233585	-0.5256331897029985	-3.6931271980021076e-08	3.652170582058057e-08	-3.370374732100912e-08
-0.5256331897029985	99.82960531209653	4.746629566037347e-06	-6.962221547237224e-06	4.160568196532681e-06
-3.6931271980021076e-08	4.746629566037347e-06	7.721119093079956e-12	-2.5132791264698133e-13	7.751669755230572e-12
3.652170582058057e-08	-6.962221547237224e-06	-2.5132791264698133e-13	7.672468402149169e-13	-2.1639124908846988e-13
-3.370374732100912e-08	4.160568196532681e-06	7.751669755230572e-12	-2.1639124908846988e-13	8.20117810502567e-12

correlation matrix
==================
1.0000000000000002	-0.9984351606333337	-0.2517578341783801	0.7897957871257374	-0.2229308762906552
-0.9984351606333337	1.0038662208466569	0.17129846370548021	-0.7970599687845467	0.14568809947735895
-0.2517578341783801	0.17129846370548021	1.0000000467360337	-0.10326080925793275	0.9741331802251088
0.7897957871257374	-0.7970599687845467	-0.10326080925793275	1.000011373529663	-0.08626563009031785
-0.2229308762906552	0.14568809947735895	0.9741331802251088	-0.08626563009031785	1.000006038772678

