fitting info
============
χ²:		13.459998020769248
DoF:	55
χ²/DoF:	0.24472723674125907

parameters
==========
0	a	-0.6049528585788931	±	0.06831286031281066
1	b	86.47768471813065	±	9.418009709933656
2	c	8.290927132542647e-05	±	2.4134830070854374e-06
3	t	0.007259673842594596	±	5.11556582441508e-07
4	s	8.769926924115074e-05	±	1.6188734301542085e-06

covariance matrix
=================
0.00466664688411758	-0.6432382272426262	9.95424476965477e-10	2.7007161716558437e-08	-2.2124331780513466e-11
-0.6432382272426262	88.96733617219051	-1.4543585187257104e-06	-3.732690286148506e-06	-8.368398947738252e-07
9.95424476965477e-10	-1.4543585187257104e-06	5.824900361873123e-12	5.022206629346815e-14	3.793868235727157e-12
2.7007161716558437e-08	-3.732690286148506e-06	5.022206629346815e-14	2.616911515942541e-13	2.8932471761503695e-14
-2.2124331780513466e-11	-8.368398947738252e-07	3.793868235727157e-12	2.8932471761503695e-14	2.6207564972176466e-12

correlation matrix
==================
0.9999999999999998	-0.9997933471368635	0.006037561954154494	0.7728279096933414	-0.0002000574815813228
-0.9997933471368635	1.0030262974503101	-0.06398351574204104	-0.7747634874387251	-0.05488710783130861
0.006037561954154494	-0.06398351574204104	1.0000000234137842	0.040677724844132165	0.9710131307194032
0.7728279096933414	-0.7747634874387251	0.040677724844132165	1.000003876932582	0.034936465483227194
-0.0002000574815813228	-0.05488710783130861	0.9710131307194032	0.034936465483227194	1.0000020277996737

