fitting info
============
χ²:		10.222750815214246
DoF:	55
χ²/DoF:	0.18586819664025903

parameters
==========
0	a	-0.2093412256046545	±	0.03935004131368088
1	b	45.388472933404536	±	9.623078910421277
2	c	3.5834868000739206e-05	±	2.584185584242338e-06
3	t	0.004116685804377078	±	1.2378793185978225e-06
4	s	8.925719304882313e-05	±	4.042027204619186e-06

covariance matrix
=================
0.0015484257513883922	-0.3773308126808095	2.010435207885306e-09	3.79729096084366e-08	1.19300028682258e-09
-0.3773308126808095	93.01387002336034	-3.125324605579682e-06	-9.335718819298202e-06	-4.224915074015371e-06
2.010435207885306e-09	-3.125324605579682e-06	6.678015548674397e-12	2.573475150745796e-13	1.0165585470082963e-11
3.79729096084366e-08	-9.335718819298202e-06	2.573475150745796e-13	1.5323800643248105e-12	3.478863083089079e-13
1.19300028682258e-09	-4.224915074015371e-06	1.0165585470082963e-11	3.478863083089079e-13	1.633818692187832e-11

correlation matrix
==================
1.0	-0.9964672534870501	0.019770660984124246	0.7795614875095088	0.0075006020324186054
-0.9964672534870501	1.0044298720113358	-0.12567745704370548	-0.7837100364817873	-0.10861872591490133
0.019770660984124246	-0.12567745704370548	1.0000000621245198	0.08044850399406957	0.9732165025421643
0.7795614875095088	-0.7837100364817873	0.08044850399406957	1.0000227474282117	0.069528009663269
0.0075006020324186054	-0.10861872591490133	0.9732165025421643	0.069528009663269	1.000012424972242

