fitting info
============
χ²:		53.83999207954278
DoF:	55
χ²/DoF:	0.9789089469007779

parameters
==========
0	a	-0.6049545284625003	±	0.034152713327710874
1	b	86.47790987561267	±	4.713832358582678
2	A	8.290928904147732e-05	±	1.2067532782766843e-06
3	x	0.007259673848792579	±	2.557620202704551e-07
4	s	8.769926056803434e-05	±	8.094449295308051e-07

covariance matrix
=================
0.0011664078276448	-0.16077451913093693	2.4855283382583444e-10	-6.750320023159994e-09	-5.802683463099746e-12
-0.16077451913093693	22.237000237211294	-3.6355422787991766e-07	9.329699513598755e-07	-2.0917676026481196e-07
2.4855283382583444e-10	-3.6355422787991766e-07	1.456253483218092e-12	-1.2554789442216172e-14	9.484857632488813e-13
-6.750320023159994e-09	9.329699513598755e-07	-1.2554789442216172e-14	6.54142744061215e-14	-7.231761815207655e-15
-5.802683463099746e-12	-2.0917676026481196e-07	9.484857632488813e-13	-7.231761815207655e-15	6.552014261031436e-13

correlation matrix
==================
1.0000000000000002	-0.9986605014888142	0.006030801288937921	-0.7727928514553182	-0.00020990189563246172
-0.9986605014888142	1.0007553811702015	-0.06391114215868324	0.7738512159091423	-0.05482163604648164
0.006030801288937921	-0.06391114215868324	1.0000000058963412	-0.04067755982079746	0.9710129507530149
-0.7727928514553182	0.7738512159091423	-0.04067755982079746	1.0000009691058842	-0.03493178295883107
-0.00020990189563246172	-0.05482163604648164	0.9710129507530149	-0.03493178295883107	1.000000506958881

