fitting info
============
χ²:		53.722653726422756
DoF:	55
χ²/DoF:	0.9767755222985955

parameters
==========
0	a	-0.3410192978183219	±	0.02639371625655999
1	b	62.94489571159616	±	4.99285731972806
2	A	5.5077745826026536e-05	±	1.389371091231606e-06
3	x	0.0051813237043751475	±	4.379364299108776e-07
4	s	9.224129110566082e-05	±	1.431910384396409e-06

covariance matrix
=================
0.0006966282578317991	-0.13138345599893464	-9.231954729468088e-09	9.128696745470394e-09	-8.425221630488971e-09
-0.13138345599893464	24.952672808055112	1.1864697148668974e-06	-1.7402264022787557e-06	1.0399824149131125e-06
-9.231954729468088e-09	1.1864697148668974e-06	1.9303520517371206e-12	-6.28180032594127e-14	1.9379914706742626e-12
9.128696745470394e-09	-1.7402264022787557e-06	-6.28180032594127e-14	1.9178886190310067e-13	-5.4085726402261846e-14
-8.425221630488971e-09	1.0399824149131125e-06	1.9379914706742626e-12	-5.4085726402261846e-14	2.0503704444686414e-12

correlation matrix
==================
1.0	-0.996990414109366	-0.2517531216799725	0.7897636901289218	-0.22292817047430039
-0.996990414109366	1.000964697958679	0.17103667434010203	-0.7958762120698023	0.14546583417255798
-0.2517531216799725	0.17103667434010203	1.0000000117009835	-0.10324161650022287	0.9741318977306898
0.7897636901289218	-0.7958762120698023	-0.10324161650022287	1.0000028430304055	-0.0862493348693699
-0.22292817047430039	0.14546583417255798	0.9741318977306898	-0.0862493348693699	1.0000015097423256

