fitting info
============
χ²:		17.664403113790673
DoF:	191
χ²/DoF:	0.09248378593607683

parameters
==========
0	a	0.8588144452295491	±	0.07147893770472158
1	b	216.44233228458705	±	112.68137161107092
2	A0	-0.17643113316117043	±	0.019089066354442963
3	c0	0.0005707187862972227	±	2.230222806913636e-06
4	s0	3.141354113387408e-05	±	2.613183299477117e-06
5	A1	-0.05324023344841383	±	0.011016620008071284
6	c1	0.0006503305274950307	±	2.0360049250557925e-05
7	s1	3.9706409201537186e-05	±	1.3805028048782571e-05

covariance matrix
=================
0.005122396702904204	-8.16177622573882	-0.001308777478603972	1.0894336662617827e-07	1.7511889448717066e-07	0.000537887384199977	-5.594790370629191e-07	8.602087429176042e-07
-8.16177622573882	13165.703968669402	2.0621904018157755	-0.00018678456665208935	-0.0002743436892889604	-0.9545263635418375	0.0008894026778760037	-0.0014439550638655093
-0.001308777478603972	2.0621904018157755	0.00036513693835222997	-3.2076803545653956e-08	-4.879563175264971e-08	-0.00013273940078370496	1.715900585047016e-07	-2.3036380025691605e-07
1.0894336662617827e-07	-0.00018678456665208935	-3.2076803545653956e-08	5.005578273321047e-12	4.276099241844876e-12	2.2100691093779572e-08	-1.8816855980040116e-11	2.923033391320356e-11
1.7511889448717066e-07	-0.0002743436892889604	-4.879563175264971e-08	4.276099241844876e-12	6.832490067118135e-12	1.7435649959343943e-08	-2.357389692415444e-11	3.013755206753917e-11
0.000537887384199977	-0.9545263635418375	-0.00013273940078370496	2.2100691093779572e-08	1.7435649959343943e-08	0.00012203788031358701	-6.96636170548964e-08	1.4176952384413678e-07
-5.594790370629191e-07	0.0008894026778760037	1.715900585047016e-07	-1.8816855980040116e-11	-2.357389692415444e-11	-6.96636170548964e-08	9.456075341840867e-11	-1.1557387717164002e-10
8.602087429176042e-07	-0.0014439550638655093	-2.3036380025691605e-07	2.923033391320356e-11	3.013755206753917e-11	1.4176952384413678e-07	-1.1557387717164002e-10	1.9560101596074653e-10

correlation matrix
==================
1.0025753676242712	-1.0133383269913963	-0.9591864519565922	0.6833991741980048	0.9375297188141813	0.68306950802031	-0.3844385273651541	0.8717430012986714
-1.0133383269913963	1.0369070712151889	0.9587203563934742	-0.743259744367551	-0.9316933073142097	-0.7689311119294294	0.387674721634484	-0.9282485082720002
-0.9591864519565922	0.9587203563934742	1.0020430831076506	-0.7534564308658729	-0.9781971283641414	-0.6311997169896508	0.44149786780613687	-0.8741626636772164
0.6833991741980048	-0.743259744367551	-0.7534564308658729	1.00637016114902	0.7337188036265754	0.8995167026068658	-0.41440022638433144	0.9493978206645868
0.9375297188141813	-0.9316933073142097	-0.9781971283641414	0.7337188036265754	1.0005510705693614	0.6056474565611535	-0.44308054582759565	0.8354121867327341
0.68306950802031	-0.7689311119294294	-0.6311997169896508	0.8995167026068658	0.6056474565611535	1.0055366772753844	-0.31058381917458633	0.9321744981584995
-0.3844385273651541	0.387674721634484	0.44149786780613687	-0.41440022638433144	-0.44308054582759565	-0.31058381917458633	0.22811470142967777	-0.41119096672983735
0.8717430012986714	-0.9282485082720002	-0.8741626636772164	0.9493978206645868	0.8354121867327341	0.9321744981584995	-0.41119096672983735	1.026352440817946

