fitting info
============
χ²:		301.2612639751083
DoF:	159
χ²/DoF:	1.8947249306610585

parameters
==========
0	a	1.0479405552179724	±	0.004436609966053995
1	b	1.718371651867497e-09	±	0.8839398316069569
2	A0	-0.45638980651366823	±	0.004047447598728715
3	c0	0.0008777020490935779	±	1.213866969084973e-07
4	s0	3.9531305930184057e-05	±	4.116824110049014e-07

covariance matrix
=================
1.9683718998197847e-05	-1.0548180615634865e-10	-1.7159115813953252e-05	9.97653390318353e-11	1.736774882811341e-09
-1.0548180615634865e-10	6.078033284054074e-09	-1.5446306785533064e-12	9.623465998550555e-16	2.852748260404173e-16
-1.7159115813953252e-05	-1.5446306785533064e-12	1.6382101305773686e-05	-8.344084225436119e-11	-1.4232381916677797e-09
9.97653390318353e-11	9.623465998550555e-16	-8.344084225436119e-11	1.4736525657843696e-14	9.391616500992984e-15
1.736774882811341e-09	2.852748260404173e-16	-1.4232381916677797e-09	9.391616500992984e-15	1.6948964485018676e-13

correlation matrix
==================
1.0000107200052102	-2.689698512931511e-08	-0.9555698099255124	0.1852496254042275	0.9508893142841579
-2.689698512931511e-08	7.778890630481438e-09	-4.31738439300523e-10	8.968869771407484e-09	7.83932072158623e-10
-0.9555698099255124	-4.31738439300523e-10	1.0000164353606964	-0.1698346695679192	-0.8541497973278616
0.1852496254042275	8.968869771407484e-09	-0.1698346695679192	1.0001218530278873	0.187934686590111
0.9508893142841579	7.83932072158623e-10	-0.8541497973278616	0.187934686590111	1.0000427024815355

