fitting info
============
χ²:		17.664403113790673
DoF:	191
χ²/DoF:	0.09248378593607683

parameters
==========
0	a	0.8588144452295491	±	0.06606880632484186
1	b	216.44233228458705	±	104.39651131451097
2	A0	-0.17643113316117043	±	0.017329762494425555
3	c0	0.0005707187862972227	±	2.0529971779910047e-06
4	s0	3.141354113387408e-05	±	2.3736848065805614e-06
5	A1	-0.05324023344841383	±	0.010442890520656722
6	c1	0.0006503305274950307	±	2.0299964462440294e-05
7	s1	3.9706409201537186e-05	±	1.2686371954522468e-05

covariance matrix
=================
0.004374685769738492	-6.962399431675458	-0.0010903210136322884	8.524990911020828e-08	1.4537775591224226e-07	0.00044231053966281374	-4.448191598621522e-07	7.08230822812164e-07
-6.962399431675458	11240.964787738694	1.7121943955932013	-0.00014878310506041798	-0.0002267089011887949	-0.8008258874054284	0.000705844196035291	-0.0012000117952701156
-0.0010903210136322884	1.7121943955932013	0.00030082607044556846	-2.5082941864120816e-08	-4.0028233407731496e-08	-0.0001048885732077048	1.3759154966295676e-07	-1.8581712957839282e-07
8.524990911020828e-08	-0.00014878310506041798	-2.5082941864120816e-08	4.237513299071431e-12	3.322664134897642e-12	1.9044912611860183e-08	-1.5101905503828188e-11	2.435977205598706e-11
1.4537775591224226e-07	-0.0002267089011887949	-4.0028233407731496e-08	3.322664134897642e-12	5.636941051076177e-12	1.3648536909804661e-08	-1.893363784349296e-11	2.4071611253337524e-11
0.00044231053966281374	-0.8008258874054284	-0.0001048885732077048	1.9044912611860183e-08	1.3648536909804661e-08	0.0001095960181169518	-5.503666832145929e-08	1.2217608086423896e-07
-4.448191598621522e-07	0.000705844196035291	1.3759154966295676e-07	-1.5101905503828188e-11	-1.893363784349296e-11	-5.503666832145929e-08	7.645626567584303e-11	-9.207946660590886e-11
7.08230822812164e-07	-0.0012000117952701156	-1.8581712957839282e-07	2.435977205598706e-11	2.4071611253337524e-11	1.2217608086423896e-07	-9.207946660590886e-11	1.6450208369762236e-10

correlation matrix
==================
1.0021989481943867	-1.0094306534279562	-0.9522814205791373	0.6285055424191157	0.926997259638843	0.6410768623592437	-0.3316589698503413	0.8449692858158923
-1.0094306534279562	1.0314106602056743	0.9463994400014514	-0.6941914811258194	-0.9148703150888291	-0.7345669641019874	0.333063916441654	-0.9060707041314923
-0.9522814205791373	0.9463994400014514	1.0016828756260603	-0.7050136221781925	-0.9730849659858729	-0.5795819370398506	0.3911144609239157	-0.8451926192358039
0.6285055424191157	-0.6941914811258194	-0.7050136221781925	1.0053895558925812	0.6818283285445669	0.8883209545626075	-0.36236656437814946	0.9352924472149183
0.926997259638843	-0.9148703150888291	-0.9730849659858729	0.6818283285445669	1.000454617949865	0.5506077545318669	-0.3929304975910299	0.7993641567150351
0.6410768623592437	-0.7345669641019874	-0.5795819370398506	0.8883209545626075	0.5506077545318669	1.0049705272368759	-0.2596187969249224	0.9222061717433281
-0.3316589698503413	0.333063916441654	0.3911144609239157	-0.36236656437814946	-0.3929304975910299	-0.2596187969249224	0.18553358093640598	-0.35754447942466216
0.8449692858158923	-0.9060707041314923	-0.8451926192358039	0.9352924472149183	0.7993641567150351	0.9222061717433281	-0.35754447942466216	1.0221073764255781

