fitting info
============
χ²:		70.65761167275338
DoF:	191
χ²/DoF:	0.36993513964792346

parameters
==========
0	a	0.8588494533851347	±	0.03331326916066357
1	b	216.38874758501603	±	53.041775842091155
2	A0	-0.17643898024703802	±	0.008724118031510575
3	c0	0.0005707189439111543	±	1.028922578188735e-06
4	s0	3.141450085236469e-05	±	1.1943448401040162e-06
5	A1	-0.0532390416098657	±	0.005234463307367598
6	c1	0.0006503325421138142	±	1.4089524634272772e-05
7	s1	3.970291670041147e-05	±	6.414773904728601e-06

covariance matrix
=================
0.0011102536027939357	-1.766438663873964	-0.0002765346576655351	2.154187184302045e-08	3.688210600747675e-08	0.00011183617368978833	-1.126520400098968e-07	-1.7930790278499167e-07
-1.766438663873964	2850.3811476389087	0.43419388788705676	-3.7536388920892386e-05	-5.751454525648747e-05	-0.2020813492459904	0.00017868483764570795	0.0003034287155124304
-0.0002765346576655351	0.43419388788705676	7.614262990194198e-05	-6.322306959336526e-09	-1.013470805478616e-08	-2.6509138041342107e-05	3.473403813034541e-08	4.697679744230216e-08
2.154187184302045e-08	-3.7536388920892386e-05	-6.322306959336526e-09	1.0601056544674162e-12	8.37958715153188e-13	4.7665683782888055e-09	-3.790383259170234e-12	-6.109495841803983e-12
3.688210600747675e-08	-5.751454525648747e-05	-1.013470805478616e-08	8.37958715153188e-13	1.4266236837989087e-12	3.4524639419991777e-09	-4.7797457232887124e-12	-6.090236758833986e-12
0.00011183617368978833	-0.2020813492459904	-2.6509138041342107e-05	4.7665683782888055e-09	3.4524639419991777e-09	2.743362123266441e-05	-1.3845577238456386e-08	-3.065732216300348e-08
-1.126520400098968e-07	0.00017868483764570795	3.473403813034541e-08	-3.790383259170234e-12	-4.7797457232887124e-12	-1.3845577238456386e-08	1.9227750755511582e-11	2.3192588346827703e-11
-1.7930790278499167e-07	0.0003034287155124304	4.697679744230216e-08	-6.109495841803983e-12	-6.090236758833986e-12	-3.065732216300348e-08	2.3192588346827703e-11	4.1375900427978494e-11

correlation matrix
==================
1.0004322507694394	-0.9996851765130934	-0.9515043586954183	0.628468459279242	0.9269764914003973	0.6413467322551213	-0.2400078608936774	-0.8390750807255586
-0.9996851765130934	1.0131338484910115	0.9383051869747051	-0.6877834751223708	-0.9078830268029663	-0.7278401637963652	0.2390965476491705	0.8917790570182198
-0.9515043586954183	0.9383051869747051	1.0004256257260535	-0.7043221520373011	-0.972657572826456	-0.5804995857522219	0.2825773859923662	0.8394223333951771
0.628468459279242	-0.6877834751223708	-0.7043221520373011	1.0013450526240795	0.6818835088359915	0.8850156905428628	-0.2614592958691262	-0.9256383136301164
0.9269764914003973	-0.9078830268029663	-0.972657572826456	0.6818835088359915	1.000115030748965	0.5522392289315955	-0.28403948395074524	-0.7949193793257042
0.6413467322551213	-0.7278401637963652	-0.5804995857522219	0.8850156905428628	0.5522392289315955	1.001241445455181	-0.18773384114550945	-0.9130208683218861
-0.2400078608936774	0.2390965476491705	0.2825773859923662	-0.2614592958691262	-0.28403948395074524	-0.18773384114550945	0.09685806807969535	0.2566087877831669
-0.8390750807255586	0.8917790570182198	0.8394223333951771	-0.9256383136301164	-0.7949193793257042	-0.9130208683218861	0.2566087877831669	1.0055061944109118

