fitting info
============
χ²:		301.2612639751083
DoF:	159
χ²/DoF:	1.8947249306610585

parameters
==========
0	a	1.0479405552179724	±	0.004435443067116407
1	b	1.718371651867497e-09	±	0.8839413822412965
2	A0	-0.45638980651366823	±	0.0040465154675746184
3	c0	0.0008777020490935779	±	1.2138499019592654e-07
4	s0	3.9531305930184057e-05	±	4.1157599946489094e-07

covariance matrix
=================
1.9673365987031713e-05	-5.061934281696144e-10	-1.7150263096817438e-05	9.96961868044063e-11	1.7358203715857324e-09
-5.061934281696144e-10	6.078043950368244e-09	-7.658186370895094e-12	4.623016612742563e-15	1.4029806842784777e-15
-1.7150263096817438e-05	-7.658186370895094e-12	1.6374556422695337e-05	-8.33802730548782e-11	-1.4224257299943876e-09
9.96961868044063e-11	4.623016612742563e-15	-8.33802730548782e-11	1.473611121537979e-14	9.38552759535702e-15
1.7358203715857324e-09	1.4029806842784777e-15	-1.4224257299943876e-09	9.38552759535702e-15	1.6940203317475137e-13

correlation matrix
==================
1.0000107143667882	-1.2910885431186223e-07	-0.9555481432672631	0.18517252602650383	0.9508625225624548
-1.2910885431186223e-07	7.778876989710054e-09	-2.141022642759154e-09	4.3086081674331104e-08	3.856365458612734e-09
-0.9555481432672631	-2.141022642759154e-09	1.0000164277911858	-0.16975286806466983	-0.854079608983018
0.18517252602650383	4.3086081674331104e-08	-0.16975286806466983	1.0001218496015363	0.18786404186438377
0.9508625225624548	3.856365458612734e-09	-0.854079608983018	0.18786404186438377	1.0000426804074571

