fitting info
============
χ²:		550.5567260118908
DoF:	116
χ²/DoF:	4.7461786725163

parameters
==========
0	a	1.005551770294403	±	0.005294172339520453
1	b	2.1851483585540638e-10	±	0.7873921643681807
2	A0	-0.41503040295687443	±	0.00499867617344496
3	c0	0.0008768556781970528	±	7.171925294147336e-08
4	s0	3.6975128749394634e-05	±	3.9979396278249654e-07

covariance matrix
=================
2.8028566975444492e-05	-4.238476484793443e-11	-2.6245589827633275e-05	1.2048592032797084e-10	2.0704684821616136e-09
-4.238476484793443e-11	6.885867240901977e-10	1.5382499331566584e-12	2.753970200599284e-16	-5.2822236619999084e-17
-2.6245589827633275e-05	1.5382499331566584e-12	2.4987334448531762e-05	-1.1413451800218424e-10	-1.90543264387152e-09
1.2048592032797084e-10	2.753970200599284e-16	-1.1413451800218424e-10	5.143668948131325e-15	8.433157480944675e-15
2.0704684821616136e-09	-5.2822236619999084e-17	-1.90543264387152e-09	8.433157480944675e-15	1.5983643758683144e-13

correlation matrix
==================
1.0000109252195004	-1.0167650622654351e-08	-0.9917523989060476	0.3173236693574166	0.9782149988922005
-1.0167650622654351e-08	1.110648074397396e-09	3.908236291566799e-10	4.876771315680014e-09	-1.677990377612798e-10
-0.9917523989060476	3.908236291566799e-10	1.0000228505610864	-0.3183656833668619	-0.9534597554603208
0.3173236693574166	4.876771315680014e-09	-0.3183656833668619	1.000003442233436	0.2941157093211442
0.9782149988922005	-1.677990377612798e-10	-0.9534597554603208	0.2941157093211442	1.0000076635772475

