fitting info
============
χ²:		9425.173162848498
DoF:	1002
χ²/DoF:	9.40636044196457

parameters
==========
0	A	1.251635781944581	±	0.001346881395534072
1	u	-0.06591178912029905	±	0.00024344399838743813
2	#mu	0.7139564261777062	±	5.64323504420039e-05
3	#sigma	11.577539754238266	±	0.047343724871478976
4	B	0.13691953006781118	±	0.0011093188791523045
5	#lambda	2.8834894755202374	±	0.05075291499563517

covariance matrix
=================
1.8140907664604171e-06	-7.428954607483295e-08	4.772572249932079e-08	3.7426957114824134e-05	-1.422107347417407e-06	-5.9388592910252445e-05
-7.428954607483295e-08	5.926498152673235e-08	1.001600483585948e-09	-1.450530851061826e-06	1.2370009596194394e-08	5.068497360492841e-07
4.772572249932079e-08	1.001600483585948e-09	3.1846101833216635e-09	1.228859034313258e-06	-4.0215505652712464e-08	-1.6052333627459535e-06
3.7426957114824134e-05	-1.450530851061826e-06	1.228859034313258e-06	0.0022414299348339005	-2.981868695147097e-05	-0.0011730072921471099
-1.422107347417407e-06	1.2370009596194394e-08	-4.0215505652712464e-08	-2.981868695147097e-05	1.2305887521826946e-06	4.2952128849663325e-05
-5.9388592910252445e-05	5.068497360492841e-07	-1.6052333627459535e-06	-0.0011730072921471099	4.2952128849663325e-05	0.0025764133751841173

correlation matrix
==================
1.0000007016327543	-0.22656836899480925	0.6279065571791205	0.5869386941688408	-0.9518020196802707	-0.868785753402591
-0.22656836899480925	1.00000001984088	0.07290667865170768	-0.12585355098799006	0.04580517640014235	0.04102222017758248
0.6279065571791205	0.07290667865170768	1.0000000021706035	0.4599509321851137	-0.642405115003921	-0.5604657100751711
0.5869386941688408	-0.12585355098799006	0.4599509321851137	1.000000736194691	-0.5677663996459799	-0.48817698061188547
-0.9518020196802707	0.04580517640014235	-0.642405115003921	-0.5677663996459799	1.000000305982875	0.7628994443408519
-0.868785753402591	0.04102222017758248	-0.5604657100751711	-0.48817698061188547	0.7628994443408519	1.0002154600711506

