fitting info
============
χ²:		3171.00201501187
DoF:	1495
χ²/DoF:	2.121071581947739

parameters
==========
0	A	1.2549511255323382	±	0.0007770589360777125
1	u	-0.06379668606306899	±	0.00017245909376084612
2	#mu	2.744569894090325	±	7.34944422093875e-05
3	#sigma	15.324138441808508	±	0.06945574522601827
4	B	0.1588574596075354	±	0.0006793315066828814
5	#lambda	1.0520374302502529	±	0.009537726366436461

covariance matrix
=================
6.038207313744852e-07	-3.20284995612742e-08	2.0363966583067546e-08	1.8824340467893056e-05	-4.812741328744023e-07	-5.5778019614367505e-06
-3.20284995612742e-08	2.9742139316887176e-08	9.280414235080474e-10	-1.0040753973813243e-06	1.927061538419738e-09	2.2770846558509726e-08
2.0363966583067546e-08	9.280414235080474e-10	5.4014330526321406e-09	8.726196913677683e-07	-1.8137118432920326e-08	-1.9638927070060107e-07
1.8824340467893056e-05	-1.0040753973813243e-06	8.726196913677683e-07	0.004824106562455102	-1.5192968874721295e-05	-0.00016591241964920218
-4.812741328744023e-07	1.927061538419738e-09	-1.8137118432920326e-08	-1.5192968874721295e-05	4.614913416698973e-07	3.5554801329663837e-06
-5.5778019614367505e-06	2.2770846558509726e-08	-1.9638927070060107e-07	-0.00016591241964920218	3.5554801329663837e-06	9.096971166544668e-05

correlation matrix
==================
1.0000002339043434	-0.2389992482823318	0.3565774857474878	0.34878486777316653	-0.9117101795771274	-0.752600102268682
-0.2389992482823318	1.0000000099547266	0.07321950083082775	-0.08382470828180585	0.016448554068261196	0.013843573747779893
0.3565774857474878	0.07321950083082775	1.0000000031404892	0.17094733526443048	-0.3632720908666758	-0.28016791664652274
0.34878486777316653	-0.08382470828180585	0.17094733526443048	1.0000012473938895	-0.32199765989944445	-0.25045278370018137
-0.9117101795771274	0.016448554068261196	-0.3632720908666758	-0.32199765989944445	1.000000099022157	0.5487463449527615
-0.752600102268682	0.013843573747779893	-0.28016791664652274	-0.25045278370018137	0.5487463449527615	1.000016351032922

