fitting info
============
χ²:		1355.5403645714468
DoF:	694
χ²/DoF:	1.9532281910251394

parameters
==========
0	A	1.2299939994693694	±	0.0010539744425774877
1	u	-0.06356914249184853	±	0.0003581304901236759
2	#mu	1.3073738665454686	±	0.00011154392846535188
3	#sigma	17.090470100252215	±	0.10453782450023574
4	B	0.176515926676224	±	0.000906267756101059
5	#lambda	0.9574828737956628	±	0.009605594182205301

covariance matrix
=================
1.110862598353718e-06	-1.3709668846859645e-07	3.5224872303398776e-08	3.767340768728766e-05	-8.516237399772447e-07	-7.216928831408963e-06
-1.3709668846859645e-07	1.2825745346179885e-07	4.7614235653855716e-09	-4.951601966239287e-06	7.725047197162825e-09	6.808380271767094e-08
3.5224872303398776e-08	4.7614235653855716e-09	1.2442048015237752e-08	1.3774362928155541e-06	-3.534510470210177e-08	-2.773088037658265e-07
3.767340768728766e-05	-4.951601966239287e-06	1.3774362928155541e-06	0.010928338247758582	-2.8923912998538253e-05	-0.00023103000273751528
-8.516237399772447e-07	7.725047197162825e-09	-3.534510470210177e-08	-2.8923912998538253e-05	8.213213761624004e-07	4.929315585199921e-06
-7.216928831408963e-06	6.808380271767094e-08	-2.773088037658265e-07	-0.00023103000273751528	4.929315585199921e-06	9.22690598980379e-05

correlation matrix
==================
1.0000004255678372	-0.3632081521388152	0.2996218019578341	0.3419254030426516	-0.8915817101724308	-0.7128499246640148
-0.3632081521388152	1.0000000429259632	0.11919267980753202	-0.1322607471508621	0.023801444543454647	0.019791480051895544
0.2996218019578341	0.11919267980753202	1.0000000030344052	0.11812780329100804	-0.3496445861405311	-0.25881741005912956
0.3419254030426516	-0.1322607471508621	0.11812780329100804	1.0000166081545703	-0.30530017976924245	-0.23007566754152567
-0.8915817101724308	0.023801444543454647	-0.3496445861405311	-0.30530017976924245	1.0000001587855574	0.5662469298402457
-0.7128499246640148	0.019791480051895544	-0.25881741005912956	-0.23007566754152567	0.5662469298402457	1.0000175609600603

