fitting info
============
χ²:		2184.089485650318
DoF:	895
χ²/DoF:	2.4403234476539866

parameters
==========
0	A	1.2441126076169389	±	0.0009697220529437667
1	u	-0.06345054885987611	±	0.00026167054951564683
2	#mu	2.4014684211148043	±	0.00011095260123461514
3	#sigma	17.685994925577887	±	0.1074660816389219
4	B	0.1723845566524144	±	0.0008535954536991047
5	#lambda	0.8494476429171477	±	0.008317538045276074

covariance matrix
=================
9.403612007989064e-07	-7.336373601558927e-08	3.326650999615669e-08	3.389010721762358e-05	-7.579633945016749e-07	-5.9432438566442075e-06
-7.336373601558927e-08	6.847147805294401e-08	2.6560881982689843e-09	-2.931283282412696e-06	4.274724787341921e-09	3.464727315511277e-08
3.326650999615669e-08	2.6560881982689843e-09	1.2310479765125678e-08	1.1462609723390906e-06	-3.17168112109583e-08	-2.3140693341775734e-07
3.389010721762358e-05	-2.931283282412696e-06	1.1462609723390906e-06	0.011548989416058985	-2.732289323112063e-05	-0.0002032593823360768
-7.579633945016749e-07	4.274724787341921e-09	-3.17168112109583e-08	-2.732289323112063e-05	7.286253036429684e-07	4.139491671808372e-06
-5.9432438566442075e-06	3.464727315511277e-08	-2.3140693341775734e-07	-0.0002032593823360768	4.139491671808372e-06	6.918242900094831e-05

correlation matrix
==================
1.0000003624496165	-0.289120789276527	0.30918789353112924	0.3252027851474869	-0.9156908330576351	-0.7368540617702276
-0.289120789276527	1.0000000229164538	0.09148505577494125	-0.10423931061900392	0.019138205769720158	0.015919133232791777
0.30918789353112924	0.09148505577494125	1.0000000036065335	0.09613346655397201	-0.3348882694744071	-0.25075181346258735
0.3252027851474869	-0.10423931061900392	0.09613346655397201	1.000002659394353	-0.2978538221783861	-0.22739682220187932
-0.9156908330576351	0.019138205769720158	-0.3348882694744071	-0.2978538221783861	1.0000001441992237	0.5830423800199545
-0.7368540617702276	0.015919133232791777	-0.25075181346258735	-0.22739682220187932	0.5830423800199545	1.0000143082645543

