fitting info
============
χ²:		6445.598484722501
DoF:	1095
χ²/DoF:	5.886391310248859

parameters
==========
0	A	1.2137855282463546	±	0.00094847431388001
1	u	-0.06317773439155583	±	0.00021786671065454621
2	#mu	3.4197809764363853	±	0.00013154841618523427
3	#sigma	18.999999999999993	±	0.0007508257639763372
4	B	0.19611569839640466	±	0.0008734382271255448
5	#lambda	0.9038848013444163	±	0.007295998453618113

covariance matrix
=================
8.99603832152442e-07	-4.3531275353781256e-08	4.511377200835263e-08	-4.3467518961059738e-16	-7.808952048685115e-07	-5.127618001308972e-06
-4.3531275353781256e-08	4.746590436545704e-08	2.8390174384079207e-09	2.9458780137978786e-17	-3.6477391545239473e-09	-2.0011408247272413e-08
4.511377200835263e-08	2.8390174384079207e-09	1.730498585985287e-08	-4.813571049090504e-18	-4.41117875834266e-08	-2.655073007785331e-07
-4.3467518961059738e-16	2.9458780137978786e-17	-4.813571049090504e-18	2.1946122343029585e-17	3.719359144020014e-16	2.335026892536465e-15
-7.808952048685115e-07	-3.6477391545239473e-09	-4.41117875834266e-08	3.719359144020014e-16	7.628944380232037e-07	4.0229866441383795e-06
-5.127618001308972e-06	-2.0011408247272413e-08	-2.655073007785331e-07	2.335026892536465e-15	4.0229866441383795e-06	5.323215398735871e-05

correlation matrix
==================
1.0000003424422848	-0.21066138761236278	0.3615746235775377	-6.103797423217037e-10	-0.9426163892291365	-0.7409780724571394
-0.21066138761236278	1.0000000158856195	0.09905845726842974	1.800879755367754e-10	-0.01916905497713385	-0.0125893133175358
0.3615746235775377	0.09905845726842974	1.0000000034099574	-4.873518243593782e-11	-0.38391655366116073	-0.276634352999698
-6.103797423217037e-10	1.800879755367754e-10	-4.873518243593782e-11	3.892955708217629e-11	5.671484559472213e-10	4.2625352819480126e-10
-0.9426163892291365	-0.01916905497713385	-0.38391655366116073	5.671484559472213e-10	1.0000001329397588	0.6312940005217358
-0.7409780724571394	-0.0125893133175358	-0.276634352999698	4.2625352819480126e-10	0.6312940005217358	1.0000105304411278

