fitting info
============
χ²:		2700.588547735397
DoF:	1294
χ²/DoF:	2.0870081512638308

parameters
==========
0	A	1.2117731670375094	±	0.0009101657513275185
1	u	-0.06420211906601858	±	0.00019333195485360388
2	#mu	4.354402104781031	±	0.00011819216172037628
3	#sigma	19.27936345568681	±	0.11555805051850498
4	B	0.19507359776766814	±	0.0008465079876023573
5	#lambda	0.841518776128163	±	0.006178044676324768

covariance matrix
=================
8.284019559214646e-07	-4.001279366691211e-08	3.4111126210490646e-08	3.239527322580367e-05	-7.325464233923122e-07	-4.1260337702864685e-06
-4.001279366691211e-08	3.737724523513475e-08	1.6932674302630548e-09	-1.886856807187141e-06	2.4467032326578897e-09	1.4519497064250972e-08
3.4111126210490646e-08	1.6932674302630548e-09	1.3969387118381093e-08	7.790346586822413e-07	-3.3481327523092385e-08	-1.7367229947584953e-07
3.239527322580367e-05	-1.886856807187141e-06	7.790346586822413e-07	0.013353701433587786	-2.8514167989276286e-05	-0.00015251943780464935
-7.325464233923122e-07	2.4467032326578897e-09	-3.3481327523092385e-08	-2.8514167989276286e-05	7.165758630232477e-07	3.3228123274553917e-06
-4.1260337702864685e-06	1.4519497064250972e-08	-1.7367229947584953e-07	-0.00015251943780464935	3.3228123274553917e-06	3.816853942437123e-05

correlation matrix
==================
1.000000315103023	-0.2273917703783211	0.31709317386568553	0.3080072584817716	-0.9507878043598934	-0.733772183769424
-0.2273917703783211	1.0000000125107888	0.0741025642630885	-0.08445689173924215	0.014950185902323209	0.012156173400588624
0.31709317386568553	0.0741025642630885	1.0000000018787878	0.05703847387773048	-0.3346439153979021	-0.23784325186426009
0.3080072584817716	-0.08445689173924215	0.05703847387773048	1.0000028751624421	-0.29149387716535213	-0.21363575733732085
-0.9507878043598934	0.014950185902323209	-0.3346439153979021	-0.29149387716535213	1.0000001255256714	0.635365615314794
-0.733772183769424	0.012156173400588624	-0.23784325186426009	-0.21363575733732085	0.635365615314794	1.0000079490628346

