fitting info
============
χ²:		3141.5158374483003
DoF:	1495
χ²/DoF:	2.1013483862530435

parameters
==========
0	A	1.2126809273741475	±	0.0008758563497911487
1	u	-0.0632327746025273	±	0.00017345307067817561
2	#mu	5.400947322519819	±	0.00012386742470171797
3	#sigma	21.17526955647202	±	0.12104128611847464
4	B	0.19701722245228534	±	0.0008171389821524239
5	#lambda	0.7749896521354774	±	0.0054392225913512116

covariance matrix
=================
7.671245693875522e-07	-3.224365105509496e-08	3.456758278085821e-08	3.2211743300010775e-05	-6.835626576639882e-07	-3.527571029350353e-06
-3.224365105509496e-08	3.0085968030623535e-08	1.529830380639188e-09	-1.7010603209950725e-06	2.005002247458865e-09	1.0920121140783066e-08
3.456758278085821e-08	1.529830380639188e-09	1.534313892894691e-08	5.784044777624274e-07	-3.3786682704295436e-08	-1.6059126380646437e-07
3.2211743300010775e-05	-1.7010603209950725e-06	5.784044777624274e-07	0.014651036015650988	-2.8542046891179892e-05	-0.0001400270437170717
-6.835626576639882e-07	2.005002247458865e-09	-3.3786682704295436e-08	-2.8542046891179892e-05	6.677161934942247e-07	2.8663974107867313e-06
-3.527571029350353e-06	1.0920121140783066e-08	-1.6059126380646437e-07	-0.0001400270437170717	2.8663974107867313e-06	2.9585336666362715e-05

correlation matrix
==================
1.0000002918928053	-0.2122410262805296	0.3186243923997718	0.30384200762947516	-0.9551014787351831	-0.7404675866555966
-0.2122410262805296	1.0000000100689914	0.07120396535691675	-0.08102222996596876	0.014146107100551484	0.011574670363682801
0.3186243923997718	0.07120396535691675	1.0000000017409176	0.03857811544956179	-0.3338047525277686	-0.23835703559305332
0.30384200762947516	-0.08102222996596876	0.03857811544956179	1.0000029397622883	-0.2885729747439277	-0.21268730016734028
-0.9551014787351831	0.014146107100551484	-0.3338047525277686	-0.2885729747439277	1.0000001158293526	0.6449167275156719
-0.7404675866555966	0.011574670363682801	-0.23835703559305332	-0.21268730016734028	0.6449167275156719	1.000006566407378

