fitting info
============
χ²:		3568.748800998575
DoF:	1734
χ²/DoF:	2.0581019613601934

parameters
==========
0	A	1.2099633681643471	±	0.0008484599878503252
1	u	-0.0639142511249523	±	0.00015638888025448772
2	#mu	6.629144126291255	±	0.00012614039938929622
3	#sigma	21.9997451079388	±	0.12329778563428562
4	B	0.20172022453182958	±	0.0007979894843088142
5	#lambda	0.7402371732097792	±	0.00485502412260419

covariance matrix
=================
7.198845479748334e-07	-2.6165059789776943e-08	3.381246569289088e-08	3.092870985345385e-05	-6.50498525822462e-07	-3.058563003744533e-06
-2.6165059789776943e-08	2.4457482067465122e-08	1.3167627962334945e-09	-1.4548011891295412e-06	1.598783367559076e-09	7.997840113769196e-09
3.381246569289088e-08	1.3167627962334945e-09	1.5911400395175732e-08	3.430493224218206e-07	-3.3127431667776554e-08	-1.4320308191916936e-07
3.092870985345385e-05	-1.4548011891295412e-06	3.430493224218206e-07	0.015202389041309206	-2.7775831543393236e-05	-0.0001244090300497567
-6.50498525822462e-07	1.598783367559076e-09	-3.3127431667776554e-08	-2.7775831543393236e-05	6.367872857942344e-07	2.542248074773091e-06
-3.058563003744533e-06	7.997840113769196e-09	-1.4320308191916936e-07	-0.0001244090300497567	2.542248074773091e-06	2.3571387241199463e-05

correlation matrix
==================
1.0000002736437585	-0.19718982198736426	0.3159302954531408	0.2956481467649657	-0.9607663455843471	-0.7424969474128056
-0.19718982198736426	1.0000000081861504	0.06674941681621066	-0.07544709115369326	0.012811104775721947	0.010533566846203279
0.3159302954531408	0.06674941681621066	1.0000000023306916	0.022057032706598333	-0.32910645213184586	-0.23383352189060858
0.2956481467649657	-0.07544709115369326	0.022057032706598333	1.000002966581412	-0.2823024350441106	-0.20782856316522005
-0.9607663455843471	0.012811104775721947	-0.32910645213184586	-0.2823024350441106	1.0000001079273977	0.6561896358536439
-0.7424969474128056	0.010533566846203279	-0.23383352189060858	-0.20782856316522005	0.6561896358536439	1.0000054307718405

