fitting info
============
χ²:		2649.3414827208776
DoF:	835
χ²/DoF:	3.1728640511627275

parameters
==========
0	A	1.1958667270804486	±	0.0012880281402668503
1	u	-0.06306809248811152	±	0.00028241363337250247
2	#mu	5.126948543778381	±	0.00023320984604513484
3	#sigma	28.571129298895695	±	0.22380297882777356
4	B	0.2128696444190076	±	0.001222118270015976
5	#lambda	0.6778216031220718	±	0.005872466530532305

covariance matrix
=================
1.6590175312248615e-06	-8.564415107645754e-08	9.499986259507508e-08	8.559004066694282e-05	-1.5157218608079342e-06	-5.566180283495081e-06
-8.564415107645754e-08	7.975746244356778e-08	6.008890481762433e-09	-6.461514422607294e-06	5.667823859765163e-09	2.2420626771123204e-08
9.499986259507508e-08	6.008890481762433e-09	5.4386832406155364e-08	-1.4730673653233091e-06	-9.765914124657972e-08	-3.2738073558655457e-07
8.559004066694282e-05	-6.461514422607294e-06	-1.4730673653233091e-06	0.05008818454763624	-7.649876932080556e-05	-0.00026663206021109934
-1.5157218608079342e-06	5.667823859765163e-09	-9.765914124657972e-08	-7.649876932080556e-05	1.4935734245042882e-06	4.962919282999562e-06
-5.566180283495081e-06	2.2420626771123204e-08	-3.2738073558655457e-07	-0.00026663206021109934	4.962919282999562e-06	3.448615859783383e-05

correlation matrix
==================
1.000000627543841	-0.23544349680252538	0.31626471660846794	0.29691491804224507	-0.9628994227250701	-0.7358874001081827
-0.23544349680252538	1.0000000266922935	0.09123505708976669	-0.10223104428265481	0.016421674904664042	0.0135189057634196
0.31626471660846794	0.09123505708976669	1.0000000020916804	-0.028223434592356912	-0.342651614282772	-0.2390483154889948
0.29691491804224507	-0.10223104428265481	-0.028223434592356912	1.0000082098968277	-0.2796889761538936	-0.20287379600679062
-0.9628994227250701	0.016421674904664042	-0.342651614282772	-0.2796889761538936	1.000000240093675	0.6915178978972711
-0.7358874001081827	0.0135189057634196	-0.2390483154889948	-0.20287379600679062	0.6915178978972711	1.0000085671514263

