fitting info
============
χ²:		4429.635725265848
DoF:	1315
χ²/DoF:	3.368544277768706

parameters
==========
0	A	1.1909896843402636	±	0.0012318985558471551
1	u	-0.0631808911548023	±	0.0001909898287642542
2	#mu	11.113780970625495	±	0.00026388558264844875
3	#sigma	35.83003495912419	±	0.25222851112483013
4	B	0.21825713871486727	±	0.001193704897184275
5	#lambda	0.6230500769308029	±	0.004911265621440286

covariance matrix
=================
1.5175749216678102e-06	-3.949762821878425e-08	1.1243956674978005e-07	9.135135514904507e-05	-1.439792571192254e-06	-4.537994661883986e-06
-3.949762821878425e-08	3.647711513670276e-08	3.5760071412348665e-09	-3.866685227986867e-06	2.941956928301658e-09	1.0009397121597103e-08
1.1243956674978005e-07	3.5760071412348665e-09	6.96356009019821e-08	-3.3028107321926677e-06	-1.1331299706443223e-07	-3.24950411328284e-07
9.135135514904507e-05	-3.866685227986867e-06	-3.3028107321926677e-06	0.06361981025672503	-8.546240650134948e-05	-0.0002545030475888887
-1.439792571192254e-06	2.941956928301658e-09	-1.1331299706443223e-07	-8.546240650134948e-05	1.4249317000368268e-06	4.189828727936632e-06
-4.537994661883986e-06	1.0009397121597103e-08	-3.24950411328284e-07	-0.0002545030475888887	4.189828727936632e-06	2.4120685993217685e-05

correlation matrix
==================
1.0000005731315071	-0.1678749251908048	0.34588247198616895	0.29399901261948536	-0.9791021557136963	-0.7500593192264605
-0.1678749251908048	1.0000000122077535	0.07095327969901877	-0.08026651432732923	0.012904140863827384	0.010670978813082793
0.34588247198616895	0.07095327969901877	1.0000000024738902	-0.04962195237366082	-0.3597220731916874	-0.25073098372205693
0.29399901261948536	-0.08026651432732923	-0.04962195237366082	1.0000092492875516	-0.28384677608813974	-0.20544964147883152
-0.9791021557136963	0.012904140863827384	-0.3597220731916874	-0.28384677608813974	1.0000002235020649	0.7146705258079981
-0.7500593192264605	0.010670978813082793	-0.25073098372205693	-0.20544964147883152	0.7146705258079981	1.000006467058411

