fitting info
============
χ²:		5081.2400040743005
DoF:	1574
χ²/DoF:	3.228233801826112

parameters
==========
0	A	1.221712529514122	±	0.0015743466484130497
1	u	-0.0625940890418315	±	0.000164890305876908
2	#mu	29.748118713003862	±	0.000551251005163067
3	#sigma	76.57309303874239	±	0.5146635025755941
4	B	0.19054741805648534	±	0.0015505574791363497
5	#lambda	0.45836861214970887	±	0.004844798345162354

covariance matrix
=================
2.4785697149982363e-06	-3.070936363009771e-08	3.7404057061989453e-07	0.0002704006291763062	-2.417842842173791e-06	-5.85386419606474e-06
-3.070936363009771e-08	2.7188813219571444e-08	5.4781636932385235e-09	-6.1935904228466955e-06	3.482460834327826e-09	8.516465170901319e-09
3.7404057061989453e-07	5.4781636932385235e-09	3.038776707964235e-07	-4.7929760146835735e-06	-3.75324064171897e-07	-8.364530631572003e-07
0.0002704006291763062	-6.1935904228466955e-06	-4.7929760146835735e-06	0.2648915760635317	-0.00026155364931772934	-0.000577310570573484
-2.417842842173791e-06	3.482460834327826e-09	-3.75324064171897e-07	-0.00026155364931772934	2.4042306653581712e-06	5.633417211254742e-06
-5.85386419606474e-06	8.516465170901319e-09	-8.364530631572003e-07	-0.000577310570573484	5.633417211254742e-06	2.3472235834593524e-05

correlation matrix
==================
1.0000009463647679	-0.11829743535100912	0.4309917455711765	0.3337213275703491	-0.9904665988460112	-0.7674791288701851
-0.11829743535100912	1.0000000090990055	0.06026851452353144	-0.07298338251879227	0.013620819788926783	0.010660769314695093
0.4309917455711765	0.06026851452353144	1.0000000003393856	-0.01689400000588499	-0.43910577197146317	-0.3131961944216903
0.3337213275703491	-0.07298338251879227	-0.01689400000588499	1.0000492874247016	-0.32775516355735007	-0.23153168535456325
-0.9904665988460112	0.013620819788926783	-0.43910577197146317	-0.32775516355735007	1.0000009022655307	0.7499086118404383
-0.7674791288701851	0.010660769314695093	-0.3131961944216903	-0.23153168535456325	0.7499086118404383	1.0000070223588537

